Rawdata/2018_07_17/VT10_20180717_down.cnv
* Sea-Bird SBE 9 Data File:
* FileName = C:\CTD Brukere\NIVA\OKOKYST2018\2018_07_17\VT10_20180717.hdr
* Software Version Seasave V 7.21f
* Temperature SN = 5352
* Conductivity SN = 3840
* Number of Bytes Per Scan = 28
* Number of Voltage Words = 4
* Number of Scans Averaged by the Deck Unit = 1
* NMEA baud rate = 4800
** Ship: R/V Trygve Braarud
** Cruise:
** Station:
** Operator:
# nquan = 11
# nvalues = 10037                                 
# units = specified
# name 0 = depSM: Depth [salt water, m], lat = 0.00
# name 1 = t090C: Temperature [ITS-90, deg C]
# name 2 = sal00: Salinity, Practical [PSU]
# name 3 = sigma-t00: Density [sigma-t, Kg/m^3 ]
# name 4 = flSP: Fluorescence, Seapoint
# name 5 = wetStar: Fluorescence, WET Labs WETstar [mg/m^3]
# name 6 = seaTurbMtr: Turbidity, Seapoint [FTU]
# name 7 = svCM: Sound Velocity [Chen-Millero, m/s]
# name 8 = sbeox0PS: Oxygen, SBE 43 [% saturation]
# name 9 = sbeox0Mg/L: Oxygen, SBE 43 [mg/l]
# name 10 = flag:  0.000e+00
# span 0 =     -0.305,    195.144                 
# span 1 =     6.6482,    20.9651                 
# span 2 =     2.0570,    34.9034                 
# span 3 =    -0.4261,    27.3213                 
# span 4 = 1.3431e-01, 3.4554e+00                 
# span 5 =     0.0429,     0.2652                 
# span 6 =      0.414,     13.725                 
# span 7 =    1476.41,    1512.05                 
# span 8 =   72.76759,  103.70894                 
# span 9 =    6.33724,    8.79505                 
# span 10 = 0.0000e+00, 0.0000e+00                
# interval = seconds: 0.0416667
# start_time = Jul 17 2018 09:12:09 [System UTC, first data scan.]
# bad_flag = -9.990e-29
*END*
[from data line 9574]
    192.800     7.1503    34.9009    27.3197 1.4652e-01     0.2578      0.674    1482.30   74.91945    7.20810  0.000e+00
    192.800     7.1501    34.9015    27.3202 1.4652e-01     0.2566      0.674    1482.30   74.98629    7.21454  0.000e+00
    192.787     7.1503    34.9011    27.3199 1.4652e-01     0.2578      0.674    1482.30   74.99732    7.21558  0.000e+00
    192.790     7.1502    34.9011    27.3199 1.4652e-01     0.2542      0.678    1482.30   75.00033    7.21590  0.000e+00
    192.800     7.1502    34.9011    27.3199 1.4652e-01     0.2530      0.678    1482.30   75.01128    7.21695  0.000e+00
    192.787     7.1501    34.9015    27.3202 1.4652e-01     0.2517      0.678    1482.30   75.02202    7.21798  0.000e+00
    192.775     7.1502    34.9009    27.3198 1.4652e-01     0.2517      0.678    1482.30   75.09627    7.22513  0.000e+00
    192.787     7.1500    34.9012    27.3200 1.4652e-01     0.2530      0.678    1482.30   75.05130    7.22082  0.000e+00
    192.800     7.1501    34.9010    27.3199 1.4652e-01     0.2517      0.678    1482.30   75.06195    7.22185  0.000e+00
    192.787     7.1500    34.9010    27.3198 1.4652e-01     0.2517      0.678    1482.30   75.13588    7.22897  0.000e+00
    192.790     7.1502    34.9010    27.3198 1.4652e-01     0.2517      0.670    1482.30   75.14576    7.22989  0.000e+00
    192.787     7.1497    34.9013    27.3201 1.4652e-01     0.2517      0.663    1482.30   75.15499    7.23084  0.000e+00
    192.787     7.1497    34.9015    27.3203 1.4652e-01     0.2530      0.656    1482.30   75.17177    7.23245  0.000e+00
    192.787     7.1497    34.9018    27.3205 1.4652e-01     0.2530      0.656    1482.30   75.24351    7.23934  0.000e+00
    192.775     7.1499    34.9013    27.3201 1.4652e-01     0.2554      0.656    1482.30   75.19500    7.23467  0.000e+00
    192.787     7.1501    34.9015    27.3202 1.4652e-01     0.2542      0.659    1482.30   75.20167    7.23527  0.000e+00
    192.800     7.1499    34.9014    27.3202 1.4652e-01     0.2517      0.656    1482.30   75.20774    7.23589  0.000e+00
    192.775     7.1499    34.9015    27.3202 1.4652e-01     0.2481      0.656    1482.30   75.27629    7.24248  0.000e+00
    192.802     7.1497    34.9014    27.3202 1.5873e-01     0.2493      0.659    1482.30   75.22521    7.23759  0.000e+00
    192.787     7.1499    34.9013    27.3201 1.5873e-01     0.2481      0.663    1482.30   75.29219    7.24401  0.000e+00
    192.800     7.1497    34.9018    27.3205 1.5873e-01     0.2493      0.667    1482.30   75.30287    7.24505  0.000e+00
    192.787     7.1497    34.9015    27.3202 1.5873e-01     0.2505      0.681    1482.30   75.31228    7.24597  0.000e+00
    192.800     7.1494    34.9016    27.3204 1.5873e-01     0.2505      0.711    1482.30   75.32922    7.24764  0.000e+00
    192.800     7.1496    34.9016    27.3204 1.5873e-01     0.2542      0.747    1482.30   75.33710    7.24837  0.000e+00
    192.787     7.1497    34.9016    27.3203 1.5873e-01     0.2566      0.780    1482.30   75.40738    7.25511  0.000e+00
    192.802     7.1496    34.9020    27.3207 1.5873e-01     0.2566      0.810    1482.30   75.35751    7.25032  0.000e+00
    192.812     7.1497    34.9015    27.3202 1.4652e-01     0.2554      0.832    1482.30   75.42572    7.25688  0.000e+00
    192.800     7.1499    34.9013    27.3201 1.4652e-01     0.2542      0.835    1482.30   75.43677    7.25793  0.000e+00
    192.812     7.1497    34.9016    27.3203 1.5873e-01     0.2542      0.821    1482.30   75.44678    7.25890  0.000e+00
    192.812     7.1502    34.9014    27.3201 1.4652e-01     0.2542      0.806    1482.30   75.45527    7.25965  0.000e+00
    192.825     7.1502    34.9014    27.3201 1.4652e-01     0.2554      0.784    1482.30   75.46265    7.26036  0.000e+00
    192.825     7.1503    34.9010    27.3198 1.4652e-01     0.2542      0.758    1482.30   75.46855    7.26092  0.000e+00
    192.826     7.1499    34.9017    27.3204 1.4652e-01     0.2530      0.733    1482.30   75.47322    7.26141  0.000e+00
    192.850     7.1500    34.9017    27.3204 1.4652e-01     0.2505      0.711    1482.30   75.47673    7.26173  0.000e+00
    192.873     7.1505    34.9016    27.3202 1.4652e-01     0.2493      0.707    1482.30   75.47887    7.26186  0.000e+00
    192.873     7.1505    34.9013    27.3200 1.4652e-01     0.2493      0.736    1482.30   75.54305    7.26804  0.000e+00
    192.873     7.1509    34.9018    27.3203 1.4652e-01     0.2554      0.740    1482.30   75.54992    7.26862  0.000e+00
    192.886     7.1510    34.9020    27.3205 1.4652e-01     0.2554      0.718    1482.30   75.55530    7.26912  0.000e+00
    192.911     7.1513    34.9020    27.3204 1.4652e-01     0.2566      0.696    1482.31   75.55913    7.26943  0.000e+00
    192.911     7.1515    34.9017    27.3201 1.4652e-01     0.2517      0.685    1482.31   75.56108    7.26960  0.000e+00
    192.925     7.1514    34.9018    27.3203 1.4652e-01     0.2517      0.678    1482.31   75.56979    7.27044  0.000e+00
    192.960     7.1519    34.9018    27.3202 1.4652e-01     0.2517      0.674    1482.31   75.56909    7.27029  0.000e+00
    192.922     7.1523    34.9020    27.3203 1.4652e-01     0.2542      0.674    1482.31   75.57426    7.27072  0.000e+00
    193.010     7.1524    34.9020    27.3203 1.4652e-01     0.2542      0.678    1482.31   75.57117    7.27040  0.000e+00
    193.034     7.1524    34.9022    27.3204 1.4652e-01     0.2542      0.674    1482.31   75.56582    7.26988  0.000e+00
    193.034     7.1525    34.9021    27.3204 1.4652e-01     0.2554      0.681    1482.31   75.56679    7.26995  0.000e+00
    193.071     7.1528    34.9019    27.3202 1.4652e-01     0.2530      0.692    1482.31   75.55857    7.26913  0.000e+00
    193.120     7.1529    34.9022    27.3204 1.4652e-01     0.2542      0.689    1482.32   75.55708    7.26895  0.000e+00
    193.109     7.1531    34.9023    27.3204 1.5873e-01     0.2542      0.685    1482.32   75.61718    7.27471  0.000e+00
    193.160     7.1529    34.9019    27.3201 1.4652e-01     0.2530      0.689    1482.32   75.54891    7.26818  0.000e+00
    193.170     7.1527    34.9021    27.3203 1.4652e-01     0.2530      0.696    1482.32   75.54246    7.26758  0.000e+00
    193.206     7.1529    34.9020    27.3202 1.4652e-01     0.2566      0.711    1482.32   75.53491    7.26683  0.000e+00
    193.231     7.1529    34.9020    27.3202 1.4652e-01     0.2566      0.725    1482.32   75.58947    7.27208  0.000e+00
    193.256     7.1529    34.9020    27.3202 1.4652e-01     0.2566      0.733    1482.32   75.58674    7.27181  0.000e+00
    193.280     7.1527    34.9024    27.3205 1.4652e-01     0.2566      0.725    1482.32   75.58241    7.27141  0.000e+00
    193.294     7.1529    34.9023    27.3205 1.4652e-01     0.2566      0.718    1482.32   75.52098    7.26548  0.000e+00
    193.330     7.1529    34.9021    27.3203 1.4652e-01     0.2603      0.711    1482.32   75.50620    7.26407  0.000e+00
    193.343     7.1528    34.9023    27.3205 1.4652e-01     0.2591      0.711    1482.32   75.48990    7.26250  0.000e+00
    193.368     7.1529    34.9022    27.3204 1.4652e-01     0.2603      0.711    1482.32   75.48060    7.26160  0.000e+00
    193.391     7.1531    34.9021    27.3203 1.4652e-01     0.2578      0.707    1482.32   75.47028    7.26058  0.000e+00
    193.383     7.1529    34.9025    27.3206 1.4652e-01     0.2542      0.718    1482.32   75.45870    7.25947  0.000e+00
    193.465     7.1529    34.9020    27.3202 1.4652e-01     0.2542      0.784    1482.32   75.44702    7.25837  0.000e+00
    193.440     7.1531    34.9020    27.3202 1.4652e-01     0.2530      0.806    1482.32   75.44150    7.25782  0.000e+00
    193.478     7.1531    34.9022    27.3203 1.4652e-01     0.2542      0.777    1482.32   75.42773    7.25649  0.000e+00
    193.503     7.1528    34.9023    27.3204 1.4652e-01     0.2554      0.744    1482.32   75.41287    7.25510  0.000e+00
    193.515     7.1527    34.9024    27.3205 1.4652e-01     0.2578      0.725    1482.32   75.39688    7.25356  0.000e+00
    193.539     7.1531    34.9023    27.3204 1.4652e-01     0.2566      0.718    1482.32   75.38821    7.25268  0.000e+00
    193.564     7.1529    34.9028    27.3208 1.5873e-01     0.2591      0.714    1482.32   75.37070    7.25099  0.000e+00
    193.589     7.1531    34.9026    27.3207 1.4652e-01     0.2603      0.718    1482.32   75.36040    7.24999  0.000e+00
    193.602     7.1529    34.9029    27.3209 1.4652e-01     0.2566      0.711    1482.32   75.34937    7.24894  0.000e+00
    193.639     7.1527    34.9025    27.3206 1.4652e-01     0.2566      0.703    1482.32   75.33790    7.24788  0.000e+00
    193.650     7.1529    34.9023    27.3204 1.4652e-01     0.2566      0.700    1482.32   75.26197    7.24055  0.000e+00
    193.675     7.1527    34.9026    27.3207 1.4652e-01     0.2578      0.700    1482.32   75.30503    7.24471  0.000e+00
    193.688     7.1529    34.9025    27.3206 1.5873e-01     0.2603      0.703    1482.33   75.23636    7.23808  0.000e+00
    193.724     7.1528    34.9025    27.3206 1.4652e-01     0.2578      0.711    1482.33   75.21534    7.23608  0.000e+00
    193.738     7.1525    34.9028    27.3209 1.4652e-01     0.2542      0.725    1482.33   75.20201    7.23483  0.000e+00
    193.749     7.1527    34.9027    27.3208 1.4652e-01     0.2554      0.729    1482.33   75.25215    7.23962  0.000e+00
    193.774     7.1529    34.9025    27.3206 1.4652e-01     0.2554      0.722    1482.33   75.18293    7.23295  0.000e+00
    193.790     7.1528    34.9025    27.3206 1.4652e-01     0.2530      0.714    1482.33   75.16928    7.23165  0.000e+00
    193.837     7.1525    34.9028    27.3209 1.4652e-01     0.2542      0.707    1482.33   75.15594    7.23040  0.000e+00
    193.823     7.1531    34.9021    27.3202 1.4652e-01     0.2530      0.703    1482.33   75.14195    7.22900  0.000e+00
    193.861     7.1528    34.9026    27.3207 1.4652e-01     0.2517      0.714    1482.33   75.12853    7.22772  0.000e+00
    193.861     7.1527    34.9026    27.3207 1.4652e-01     0.2530      0.725    1482.33   75.11472    7.22640  0.000e+00
    193.898     7.1529    34.9024    27.3206 1.4652e-01     0.2530      0.736    1482.33   75.10124    7.22509  0.000e+00
    193.911     7.1531    34.9024    27.3205 1.5873e-01     0.2542      0.747    1482.33   75.09576    7.22454  0.000e+00
    193.934     7.1529    34.9026    27.3207 1.4652e-01     0.2542      0.740    1482.33   75.09074    7.22406  0.000e+00
    193.934     7.1535    34.9024    27.3205 1.5873e-01     0.2542      0.725    1482.33   75.08575    7.22350  0.000e+00
    193.947     7.1542    34.9019    27.3199 1.5873e-01     0.2566      0.718    1482.33   75.08121    7.22298  0.000e+00
    193.984     7.1538    34.9023    27.3204 1.5873e-01     0.2566      0.714    1482.33   75.07733    7.22265  0.000e+00
    194.008     7.1540    34.9020    27.3201 1.5873e-01     0.2566      0.714    1482.33   75.07360    7.22227  0.000e+00
    194.008     7.1540    34.9017    27.3198 1.7094e-01     0.2591      0.711    1482.33   75.06998    7.22194  0.000e+00
    194.046     7.1537    34.9021    27.3202 1.7094e-01     0.2566      0.711    1482.33   75.06709    7.22170  0.000e+00
    194.046     7.1538    34.9016    27.3198 1.5873e-01     0.2554      0.714    1482.33   75.06413    7.22142  0.000e+00
    194.071     7.1535    34.9023    27.3203 1.5873e-01     0.2554      0.725    1482.33   75.06176    7.22120  0.000e+00
    194.083     7.1534    34.9024    27.3205 1.5873e-01     0.2578      0.744    1482.33   75.05959    7.22101  0.000e+00
    194.107     7.1533    34.9023    27.3204 1.5873e-01     0.2554      0.788    1482.33   75.05787    7.22086  0.000e+00
    194.107     7.1534    34.9022    27.3203 1.5873e-01     0.2566      0.828    1482.33   75.05621    7.22069  0.000e+00
    194.132     7.1532    34.9024    27.3204 1.5873e-01     0.2530      0.813    1482.33   75.06338    7.22140  0.000e+00
    194.157     7.1531    34.9026    27.3207 1.5873e-01     0.2554      0.784    1482.33   75.06298    7.22138  0.000e+00
    194.157     7.1533    34.9021    27.3202 1.4652e-01     0.2530      0.762    1482.33   75.06263    7.22133  0.000e+00
    194.182     7.1529    34.9025    27.3206 1.4652e-01     0.2542      0.747    1482.33   75.06291    7.22140  0.000e+00
    194.193     7.1531    34.9023    27.3205 1.5873e-01     0.2542      0.747    1482.33   75.07156    7.22221  0.000e+00
    194.206     7.1528    34.9024    27.3205 1.4652e-01     0.2530      0.751    1482.33   75.08093    7.22316  0.000e+00
    194.231     7.1529    34.9025    27.3206 1.4652e-01     0.2542      0.758    1482.33   75.09103    7.22411  0.000e+00
    194.231     7.1527    34.9026    27.3207 1.4652e-01     0.2542      0.762    1482.33   75.09336    7.22435  0.000e+00
    194.243     7.1527    34.9024    27.3206 1.4652e-01     0.2542      0.755    1482.33   75.09610    7.22462  0.000e+00
    194.267     7.1528    34.9029    27.3209 1.4652e-01     0.2554      0.736    1482.34   75.09930    7.22490  0.000e+00
    194.281     7.1527    34.9028    27.3209 1.5873e-01     0.2542      0.722    1482.33   75.10273    7.22524  0.000e+00
    194.281     7.1529    34.9025    27.3206 1.5873e-01     0.2566      0.714    1482.34   75.10633    7.22558  0.000e+00
    194.292     7.1528    34.9026    27.3207 1.4652e-01     0.2554      0.711    1482.34   75.11041    7.22598  0.000e+00
    194.317     7.1529    34.9028    27.3209 1.4652e-01     0.2554      0.711    1482.34   75.11492    7.22639  0.000e+00
    194.330     7.1532    34.9025    27.3205 1.4652e-01     0.2578      0.714    1482.34   75.11962    7.22681  0.000e+00
    194.342     7.1531    34.9022    27.3203 1.4652e-01     0.2578      0.711    1482.34   75.12469    7.22733  0.000e+00
    194.342     7.1531    34.9022    27.3204 1.5873e-01     0.2578      0.707    1482.34   75.12995    7.22783  0.000e+00
    194.367     7.1531    34.9025    27.3206 1.5873e-01     0.2578      0.714    1482.34   75.13579    7.22839  0.000e+00
    194.367     7.1534    34.9019    27.3201 1.4652e-01     0.2554      0.755    1482.34   75.14169    7.22893  0.000e+00
    194.391     7.1531    34.9028    27.3208 1.5873e-01     0.2542      0.799    1482.34   75.14821    7.22956  0.000e+00
    194.391     7.1531    34.9025    27.3206 1.4652e-01     0.2554      0.799    1482.34   75.15480    7.23021  0.000e+00
    194.416     7.1531    34.9028    27.3208 1.4652e-01     0.2639      0.784    1482.34   75.16195    7.23089  0.000e+00
    194.416     7.1531    34.9028    27.3208 1.4652e-01     0.2652      0.769    1482.34   75.16919    7.23159  0.000e+00
    194.429     7.1533    34.9022    27.3203 1.4652e-01     0.2652      0.758    1482.34   75.16864    7.23153  0.000e+00
    194.454     7.1529    34.9029    27.3209 1.4652e-01     0.2627      0.758    1482.34   75.17649    7.23231  0.000e+00
    194.454     7.1532    34.9026    27.3206 1.4652e-01     0.2591      0.755    1482.34   75.11260    7.22613  0.000e+00
    194.466     7.1532    34.9026    27.3206 1.4652e-01     0.2591      0.751    1482.34   75.10482    7.22538  0.000e+00
    194.466     7.1534    34.9027    27.3207 1.4652e-01     0.2603      0.755    1482.34   75.09723    7.22461  0.000e+00
    194.474     7.1537    34.9022    27.3203 1.4652e-01     0.2627      0.758    1482.34   75.09828    7.22469  0.000e+00
    194.466     7.1539    34.9024    27.3204 1.4652e-01     0.2603      0.758    1482.34   75.09160    7.22401  0.000e+00
    194.477     7.1538    34.9022    27.3202 1.4652e-01     0.2615      0.766    1482.34   75.08547    7.22344  0.000e+00
    194.454     7.1539    34.9020    27.3201 1.4652e-01     0.2615      0.806    1482.34   75.07932    7.22284  0.000e+00
    194.477     7.1535    34.9023    27.3203 1.4652e-01     0.2603      0.817    1482.34   75.01045    7.21626  0.000e+00
