Rawdata/2018_07_17/VT10_20180717_down.cnv
* Sea-Bird SBE 9 Data File:
* FileName = C:\CTD Brukere\NIVA\OKOKYST2018\2018_07_17\VT10_20180717.hdr
* Software Version Seasave V 7.21f
* Temperature SN = 5352
* Conductivity SN = 3840
* Number of Bytes Per Scan = 28
* Number of Voltage Words = 4
* Number of Scans Averaged by the Deck Unit = 1
* NMEA baud rate = 4800
** Ship: R/V Trygve Braarud
** Cruise:
** Station:
** Operator:
# nquan = 11
# nvalues = 10037                                 
# units = specified
# name 0 = depSM: Depth [salt water, m], lat = 0.00
# name 1 = t090C: Temperature [ITS-90, deg C]
# name 2 = sal00: Salinity, Practical [PSU]
# name 3 = sigma-t00: Density [sigma-t, Kg/m^3 ]
# name 4 = flSP: Fluorescence, Seapoint
# name 5 = wetStar: Fluorescence, WET Labs WETstar [mg/m^3]
# name 6 = seaTurbMtr: Turbidity, Seapoint [FTU]
# name 7 = svCM: Sound Velocity [Chen-Millero, m/s]
# name 8 = sbeox0PS: Oxygen, SBE 43 [% saturation]
# name 9 = sbeox0Mg/L: Oxygen, SBE 43 [mg/l]
# name 10 = flag:  0.000e+00
# span 0 =     -0.305,    195.144                 
# span 1 =     6.6482,    20.9651                 
# span 2 =     2.0570,    34.9034                 
# span 3 =    -0.4261,    27.3213                 
# span 4 = 1.3431e-01, 3.4554e+00                 
# span 5 =     0.0429,     0.2652                 
# span 6 =      0.414,     13.725                 
# span 7 =    1476.41,    1512.05                 
# span 8 =   72.76759,  103.70894                 
# span 9 =    6.33724,    8.79505                 
# span 10 = 0.0000e+00, 0.0000e+00                
# interval = seconds: 0.0416667
# start_time = Jul 17 2018 09:12:09 [System UTC, first data scan.]
# bad_flag = -9.990e-29
*END*
[from data line 5902]
    128.304     7.1518    34.8825    27.3050 1.4652e-01     0.2469      0.571    1481.21   76.60151    7.37058  0.000e+00
    128.316     7.1520    34.8824    27.3049 1.4652e-01     0.2456      0.571    1481.22   76.60901    7.37127  0.000e+00
    128.347     7.1519    34.8825    27.3050 1.7094e-01     0.2456      0.571    1481.22   76.61512    7.37186  0.000e+00
    128.365     7.1519    34.8825    27.3050 1.8315e-01     0.2432      0.568    1481.22   76.61949    7.37228  0.000e+00
    128.383     7.1516    34.8825    27.3050 1.7094e-01     0.2420      0.568    1481.22   76.62228    7.37260  0.000e+00
    128.414     7.1520    34.8825    27.3050 1.5873e-01     0.2444      0.568    1481.22   76.68639    7.37871  0.000e+00
    128.421     7.1519    34.8823    27.3048 1.5873e-01     0.2444      0.568    1481.22   76.69322    7.37938  0.000e+00
    128.450     7.1518    34.8825    27.3050 1.4652e-01     0.2432      0.575    1481.22   76.69837    7.37989  0.000e+00
    128.481     7.1520    34.8824    27.3049 1.4652e-01     0.2444      0.575    1481.22   76.70960    7.38095  0.000e+00
    128.488     7.1519    34.8824    27.3049 1.4652e-01     0.2444      0.579    1481.22   76.71096    7.38109  0.000e+00
    128.518     7.1521    34.8825    27.3049 1.4652e-01     0.2444      0.571    1481.22   76.71060    7.38102  0.000e+00
    128.524     7.1519    34.8823    27.3048 1.4652e-01     0.2432      0.571    1481.22   76.70811    7.38082  0.000e+00
    128.567     7.1518    34.8824    27.3049 1.4652e-01     0.2444      0.568    1481.22   76.71209    7.38121  0.000e+00
    128.578     7.1518    34.8825    27.3050 1.3431e-01     0.2444      0.564    1481.22   76.70610    7.38064  0.000e+00
    128.598     7.1521    34.8822    27.3047 1.4652e-01     0.2456      0.564    1481.22   76.69821    7.37984  0.000e+00
    128.628     7.1518    34.8827    27.3051 1.4652e-01     0.2456      0.571    1481.22   76.69660    7.37971  0.000e+00
    128.646     7.1518    34.8826    27.3051 1.4652e-01     0.2469      0.575    1481.22   76.69325    7.37940  0.000e+00
    128.677     7.1521    34.8822    27.3047 1.4652e-01     0.2456      0.575    1481.22   76.75124    7.38495  0.000e+00
    128.683     7.1518    34.8825    27.3050 1.4652e-01     0.2444      0.575    1481.22   76.68912    7.37901  0.000e+00
    128.726     7.1523    34.8822    27.3047 1.4652e-01     0.2432      0.571    1481.22   76.68080    7.37814  0.000e+00
    128.733     7.1518    34.8828    27.3052 1.4652e-01     0.2444      0.571    1481.22   76.67062    7.37721  0.000e+00
    128.775     7.1519    34.8824    27.3049 1.4652e-01     0.2444      0.579    1481.22   76.65912    7.37610  0.000e+00
    128.780     7.1518    34.8829    27.3053 1.4652e-01     0.2456      0.590    1481.22   76.64565    7.37480  0.000e+00
    128.811     7.1521    34.8823    27.3048 1.4652e-01     0.2432      0.593    1481.22   76.63885    7.37413  0.000e+00
    128.843     7.1519    34.8825    27.3050 1.4652e-01     0.2456      0.590    1481.22   76.62276    7.37259  0.000e+00
    128.848     7.1518    34.8829    27.3054 1.4652e-01     0.2481      0.608    1481.22   76.61285    7.37165  0.000e+00
    128.890     7.1520    34.8826    27.3050 1.4652e-01     0.2481      0.623    1481.23   76.60198    7.37058  0.000e+00
    128.908     7.1518    34.8827    27.3052 1.4652e-01     0.2469      0.608    1481.23   76.58963    7.36942  0.000e+00
    128.946     7.1519    34.8825    27.3050 1.4652e-01     0.2481      0.590    1481.23   76.57614    7.36811  0.000e+00
    128.953     7.1518    34.8829    27.3053 1.4652e-01     0.2493      0.575    1481.23   76.56108    7.36666  0.000e+00
    128.994     7.1519    34.8829    27.3053 1.4652e-01     0.2481      0.571    1481.23   76.54506    7.36510  0.000e+00
    129.013     7.1519    34.8826    27.3050 1.4652e-01     0.2456      0.571    1481.23   76.52754    7.36343  0.000e+00
    129.031     7.1518    34.8831    27.3055 1.4652e-01     0.2432      0.575    1481.23   76.51679    7.36239  0.000e+00
    129.074     7.1519    34.8826    27.3051 1.4652e-01     0.2444      0.568    1481.23   76.50529    7.36129  0.000e+00
    129.081     7.1521    34.8829    27.3052 1.4652e-01     0.2456      0.564    1481.23   76.49246    7.36001  0.000e+00
    129.123     7.1519    34.8827    27.3051 1.4652e-01     0.2456      0.560    1481.23   76.47905    7.35876  0.000e+00
    129.153     7.1518    34.8828    27.3052 1.4652e-01     0.2456      0.560    1481.23   76.46454    7.35737  0.000e+00
    129.166     7.1521    34.8829    27.3053 1.4652e-01     0.2469      0.560    1481.23   76.44887    7.35582  0.000e+00
    129.196     7.1519    34.8828    27.3052 1.4652e-01     0.2456      0.560    1481.23   76.44048    7.35504  0.000e+00
    129.227     7.1518    34.8823    27.3048 1.4652e-01     0.2456      0.557    1481.23   76.43146    7.35422  0.000e+00
    129.245     7.1518    34.8827    27.3051 1.4652e-01     0.2456      0.553    1481.23   76.41362    7.35249  0.000e+00
    129.276     7.1519    34.8825    27.3050 1.5873e-01     0.2456      0.549    1481.23   76.40296    7.35145  0.000e+00
    129.294     7.1518    34.8833    27.3057 1.4652e-01     0.2444      0.553    1481.23   76.39156    7.35034  0.000e+00
    129.348     7.1520    34.8831    27.3055 1.4652e-01     0.2456      0.557    1481.23   76.37984    7.34918  0.000e+00
    129.348     7.1519    34.8825    27.3050 1.4652e-01     0.2456      0.564    1481.23   76.36696    7.34798  0.000e+00
    129.393     7.1519    34.8829    27.3053 1.4652e-01     0.2469      0.564    1481.23   76.36193    7.34748  0.000e+00
    129.422     7.1520    34.8830    27.3054 1.4652e-01     0.2444      0.564    1481.23   76.35642    7.34694  0.000e+00
    129.440     7.1518    34.8829    27.3053 1.4652e-01     0.2420      0.568    1481.23   76.35050    7.34641  0.000e+00
    129.483     7.1521    34.8827    27.3051 1.4652e-01     0.2432      0.571    1481.24   76.34445    7.34578  0.000e+00
    129.496     7.1518    34.8834    27.3057 1.4652e-01     0.2432      0.571    1481.24   76.33785    7.34517  0.000e+00
    129.539     7.1518    34.8832    27.3055 1.4652e-01     0.2420      0.564    1481.24   76.33118    7.34453  0.000e+00
    129.544     7.1518    34.8833    27.3057 1.4652e-01     0.2432      0.575    1481.24   76.32383    7.34382  0.000e+00
    129.588     7.1519    34.8828    27.3052 1.4652e-01     0.2444      0.579    1481.24   76.31652    7.34312  0.000e+00
    129.605     7.1518    34.8827    27.3051 1.4652e-01     0.2444      0.586    1481.24   76.30865    7.34238  0.000e+00
    129.629     7.1516    34.8831    27.3055 1.4652e-01     0.2456      0.586    1481.24   76.30859    7.34239  0.000e+00
    129.660     7.1514    34.8834    27.3058 1.4652e-01     0.2432      0.582    1481.24   76.30860    7.34241  0.000e+00
    129.703     7.1518    34.8831    27.3054 1.4652e-01     0.2420      0.586    1481.24   76.30866    7.34237  0.000e+00
    129.703     7.1515    34.8836    27.3059 1.4652e-01     0.2432      0.586    1481.24   76.30837    7.34237  0.000e+00
    129.747     7.1518    34.8828    27.3053 1.4652e-01     0.2432      0.590    1481.24   76.30846    7.34236  0.000e+00
    129.752     7.1518    34.8829    27.3053 1.4652e-01     0.2444      0.601    1481.24   76.30819    7.34233  0.000e+00
    129.795     7.1516    34.8828    27.3053 1.4652e-01     0.2432      0.608    1481.24   76.30830    7.34237  0.000e+00
    129.813     7.1518    34.8831    27.3055 1.4652e-01     0.2432      0.601    1481.24   76.30815    7.34232  0.000e+00
    129.849     7.1514    34.8831    27.3055 1.4652e-01     0.2456      0.593    1481.24   76.30822    7.34239  0.000e+00
    129.857     7.1516    34.8830    27.3054 1.4652e-01     0.2481      0.586    1481.24   76.24508    7.33628  0.000e+00
    129.887     7.1516    34.8831    27.3055 1.5873e-01     0.2481      0.582    1481.24   76.23764    7.33556  0.000e+00
    129.898     7.1516    34.8831    27.3055 1.5873e-01     0.2469      0.575    1481.24   76.23034    7.33486  0.000e+00
    129.930     7.1514    34.8833    27.3057 1.5873e-01     0.2456      0.571    1481.24   76.29452    7.34106  0.000e+00
    129.948     7.1515    34.8835    27.3058 1.4652e-01     0.2456      0.568    1481.24   76.23278    7.33510  0.000e+00
    129.959     7.1518    34.8833    27.3056 1.4652e-01     0.2444      0.564    1481.24   76.22642    7.33445  0.000e+00
    130.004     7.1516    34.8834    27.3057 1.4652e-01     0.2469      0.564    1481.24   76.22076    7.33392  0.000e+00
    129.997     7.1514    34.8836    27.3059 1.4652e-01     0.2420      0.560    1481.24   76.21492    7.33338  0.000e+00
    130.020     7.1516    34.8831    27.3055 1.4652e-01     0.2420      0.560    1481.24   76.14676    7.32682  0.000e+00
    130.064     7.1516    34.8830    27.3055 1.4652e-01     0.2395      0.560    1481.24   76.19752    7.33170  0.000e+00
    130.069     7.1518    34.8831    27.3055 1.4652e-01     0.2407      0.564    1481.24   76.19305    7.33125  0.000e+00
    130.069     7.1515    34.8835    27.3059 1.4652e-01     0.2407      0.560    1481.24   76.18889    7.33088  0.000e+00
    130.102     7.1518    34.8835    27.3058 1.4652e-01     0.2432      0.560    1481.25   76.18532    7.33048  0.000e+00
    130.130     7.1519    34.8828    27.3052 1.4652e-01     0.2432      0.557    1481.25   76.18204    7.33017  0.000e+00
    130.130     7.1519    34.8829    27.3053 1.4652e-01     0.2444      0.560    1481.25   76.17882    7.32986  0.000e+00
    130.163     7.1523    34.8827    27.3051 1.4652e-01     0.2420      0.564    1481.25   76.17621    7.32956  0.000e+00
    130.179     7.1524    34.8825    27.3050 1.4652e-01     0.2432      0.564    1481.25   76.17378    7.32932  0.000e+00
    130.179     7.1524    34.8828    27.3051 1.4652e-01     0.2432      0.564    1481.25   76.17153    7.32909  0.000e+00
    130.212     7.1526    34.8825    27.3049 1.4652e-01     0.2432      0.564    1481.25   76.16990    7.32891  0.000e+00
    130.228     7.1524    34.8823    27.3047 1.4652e-01     0.2456      0.560    1481.25   76.16848    7.32882  0.000e+00
    130.240     7.1527    34.8826    27.3049 1.4652e-01     0.2469      0.564    1481.25   76.16727    7.32863  0.000e+00
    130.248     7.1525    34.8825    27.3049 1.4652e-01     0.2456      0.564    1481.25   76.10352    7.32253  0.000e+00
    130.278     7.1526    34.8823    27.3047 1.4652e-01     0.2444      0.575    1481.25   76.15864    7.32784  0.000e+00
    130.289     7.1527    34.8823    27.3047 1.4652e-01     0.2444      0.593    1481.25   76.15874    7.32782  0.000e+00
    130.309     7.1525    34.8825    27.3049 1.4652e-01     0.2469      0.615    1481.25   76.15927    7.32790  0.000e+00
    130.314     7.1523    34.8826    27.3050 1.4652e-01     0.2469      0.619    1481.25   76.15999    7.32801  0.000e+00
    130.338     7.1521    34.8828    27.3052 1.4652e-01     0.2469      0.608    1481.25   76.09834    7.32210  0.000e+00
    130.345     7.1521    34.8828    27.3052 1.4652e-01     0.2444      0.597    1481.25   76.15517    7.32757  0.000e+00
    130.363     7.1522    34.8826    27.3050 1.4652e-01     0.2444      0.586    1481.25   76.09438    7.32170  0.000e+00
    130.388     7.1523    34.8823    27.3048 1.4652e-01     0.2444      0.586    1481.25   76.15235    7.32728  0.000e+00
    130.399     7.1524    34.8826    27.3050 1.4652e-01     0.2432      0.582    1481.25   76.09247    7.32149  0.000e+00
    130.407     7.1525    34.8824    27.3048 1.4652e-01     0.2456      0.579    1481.25   76.08835    7.32108  0.000e+00
    130.437     7.1524    34.8828    27.3052 1.4652e-01     0.2469      0.579    1481.25   76.14799    7.32681  0.000e+00
    130.437     7.1525    34.8827    27.3050 1.4652e-01     0.2469      0.586    1481.25   76.08961    7.32119  0.000e+00
    130.455     7.1525    34.8823    27.3048 1.4652e-01     0.2469      0.615    1481.25   76.15010    7.32702  0.000e+00
    130.485     7.1525    34.8822    27.3047 1.4652e-01     0.2469      0.645    1481.25   76.15587    7.32758  0.000e+00
    130.498     7.1523    34.8828    27.3051 1.4652e-01     0.2481      0.645    1481.25   76.16182    7.32817  0.000e+00
    130.504     7.1522    34.8826    27.3050 1.4652e-01     0.2481      0.619    1481.25   76.16801    7.32878  0.000e+00
    130.534     7.1521    34.8829    27.3053 1.3431e-01     0.2444      0.593    1481.25   76.17476    7.32945  0.000e+00
    130.559     7.1515    34.8831    27.3055 1.4652e-01     0.2432      0.586    1481.25   76.18183    7.33022  0.000e+00
    130.570     7.1519    34.8830    27.3053 1.4652e-01     0.2444      0.608    1481.25   76.18899    7.33084  0.000e+00
    130.578     7.1518    34.8831    27.3055 1.4652e-01     0.2444      0.619    1481.25   76.19650    7.33158  0.000e+00
    130.608     7.1518    34.8832    27.3056 1.4652e-01     0.2420      0.608    1481.25   76.20453    7.33234  0.000e+00
    130.632     7.1515    34.8836    27.3059 1.4652e-01     0.2420      0.593    1481.25   76.21286    7.33318  0.000e+00
    130.652     7.1516    34.8836    27.3059 1.4652e-01     0.2420      0.579    1481.25   76.28430    7.34003  0.000e+00
    130.669     7.1514    34.8834    27.3058 1.4652e-01     0.2420      0.582    1481.25   76.30060    7.34164  0.000e+00
    130.693     7.1516    34.8831    27.3055 1.4652e-01     0.2371      0.586    1481.25   76.31693    7.34319  0.000e+00
    130.705     7.1511    34.8836    27.3059 1.4652e-01     0.2383      0.593    1481.25   76.33321    7.34482  0.000e+00
    130.738     7.1514    34.8830    27.3054 1.4652e-01     0.2383      0.586    1481.25   76.34962    7.34638  0.000e+00
    130.754     7.1516    34.8832    27.3056 1.4652e-01     0.2395      0.575    1481.26   76.35782    7.34712  0.000e+00
    130.790     7.1513    34.8834    27.3058 1.4652e-01     0.2407      0.568    1481.26   76.36594    7.34794  0.000e+00
    130.803     7.1513    34.8836    27.3059 1.4652e-01     0.2420      0.564    1481.26   76.37349    7.34867  0.000e+00
    130.823     7.1513    34.8835    27.3059 1.4652e-01     0.2432      0.571    1481.26   76.38883    7.35015  0.000e+00
    130.839     7.1513    34.8833    27.3057 1.4652e-01     0.2432      0.575    1481.26   76.39608    7.35085  0.000e+00
    130.875     7.1514    34.8832    27.3056 1.4652e-01     0.2432      0.568    1481.26   76.40319    7.35152  0.000e+00
    130.897     7.1513    34.8833    27.3057 1.4652e-01     0.2444      0.560    1481.26   76.40987    7.35218  0.000e+00
    130.925     7.1512    34.8834    27.3058 1.4652e-01     0.2432      0.560    1481.26   76.41628    7.35281  0.000e+00
    130.949     7.1511    34.8834    27.3058 1.4652e-01     0.2444      0.564    1481.26   76.41427    7.35263  0.000e+00
    130.974     7.1510    34.8833    27.3058 1.4652e-01     0.2456      0.571    1481.26   76.48258    7.35923  0.000e+00
    130.994     7.1508    34.8836    27.3060 1.4652e-01     0.2456      0.568    1481.26   76.43215    7.35439  0.000e+00
    131.023     7.1507    34.8836    27.3060 1.4652e-01     0.2444      0.568    1481.26   76.43665    7.35485  0.000e+00
    131.048     7.1505    34.8837    27.3061 1.4652e-01     0.2456      0.568    1481.26   76.44078    7.35527  0.000e+00
    131.084     7.1507    34.8835    27.3060 1.4652e-01     0.2420      0.571    1481.26   76.44467    7.35562  0.000e+00
    131.096     7.1505    34.8836    27.3061 1.4652e-01     0.2432      0.568    1481.26   76.51092    7.36202  0.000e+00
    131.142     7.1503    34.8841    27.3065 1.4652e-01     0.2420      0.571    1481.26   76.52171    7.36307  0.000e+00
    131.158     7.1507    34.8841    27.3064 1.4652e-01     0.2432      0.571    1481.26   76.53150    7.36395  0.000e+00
    131.183     7.1505    34.8837    27.3062 1.4652e-01     0.2444      0.571    1481.26   76.54079    7.36489  0.000e+00
