Rawdata/2018_07_17/VT10_20180717_down.cnv
* Sea-Bird SBE 9 Data File:
* FileName = C:\CTD Brukere\NIVA\OKOKYST2018\2018_07_17\VT10_20180717.hdr
* Software Version Seasave V 7.21f
* Temperature SN = 5352
* Conductivity SN = 3840
* Number of Bytes Per Scan = 28
* Number of Voltage Words = 4
* Number of Scans Averaged by the Deck Unit = 1
* NMEA baud rate = 4800
** Ship: R/V Trygve Braarud
** Cruise:
** Station:
** Operator:
# nquan = 11
# nvalues = 10037                                 
# units = specified
# name 0 = depSM: Depth [salt water, m], lat = 0.00
# name 1 = t090C: Temperature [ITS-90, deg C]
# name 2 = sal00: Salinity, Practical [PSU]
# name 3 = sigma-t00: Density [sigma-t, Kg/m^3 ]
# name 4 = flSP: Fluorescence, Seapoint
# name 5 = wetStar: Fluorescence, WET Labs WETstar [mg/m^3]
# name 6 = seaTurbMtr: Turbidity, Seapoint [FTU]
# name 7 = svCM: Sound Velocity [Chen-Millero, m/s]
# name 8 = sbeox0PS: Oxygen, SBE 43 [% saturation]
# name 9 = sbeox0Mg/L: Oxygen, SBE 43 [mg/l]
# name 10 = flag:  0.000e+00
# span 0 =     -0.305,    195.144                 
# span 1 =     6.6482,    20.9651                 
# span 2 =     2.0570,    34.9034                 
# span 3 =    -0.4261,    27.3213                 
# span 4 = 1.3431e-01, 3.4554e+00                 
# span 5 =     0.0429,     0.2652                 
# span 6 =      0.414,     13.725                 
# span 7 =    1476.41,    1512.05                 
# span 8 =   72.76759,  103.70894                 
# span 9 =    6.33724,    8.79505                 
# span 10 = 0.0000e+00, 0.0000e+00                
# interval = seconds: 0.0416667
# start_time = Jul 17 2018 09:12:09 [System UTC, first data scan.]
# bad_flag = -9.990e-29
*END*
[from data line 8525]
    186.003     7.1476    34.8994    27.3189 1.4652e-01     0.0527      0.615    1482.17   76.12626    7.32473  0.000e+00
    186.043     7.1476    34.8994    27.3189 1.4652e-01     0.0539      0.612    1482.17   76.12469    7.32458  0.000e+00
    186.041     7.1475    34.9000    27.3194 1.4652e-01     0.0527      0.619    1482.17   76.12239    7.32435  0.000e+00
    186.066     7.1475    34.8995    27.3190 1.4652e-01     0.0515      0.623    1482.17   76.12001    7.32415  0.000e+00
    186.102     7.1476    34.8993    27.3188 1.5873e-01     0.0515      0.626    1482.18   76.11740    7.32388  0.000e+00
    186.102     7.1476    34.8996    27.3191 1.4652e-01     0.0515      0.626    1482.18   76.11412    7.32355  0.000e+00
    186.142     7.1475    34.8995    27.3190 1.4652e-01     0.0515      0.630    1482.18   76.11092    7.32327  0.000e+00
    186.163     7.1476    34.8991    27.3186 1.4652e-01     0.0515      0.630    1482.18   76.10718    7.32291  0.000e+00
    186.188     7.1475    34.8994    27.3189 1.5873e-01     0.0515      0.623    1482.18   76.10318    7.32253  0.000e+00
    186.213     7.1478    34.8992    27.3187 1.4652e-01     0.0491      0.619    1482.18   76.09880    7.32207  0.000e+00
    186.239     7.1478    34.8993    27.3188 1.4652e-01     0.0515      0.615    1482.18   76.09414    7.32162  0.000e+00
    186.251     7.1476    34.8996    27.3191 1.4652e-01     0.0503      0.623    1482.18   76.08902    7.32114  0.000e+00
    186.300     7.1478    34.8995    27.3190 1.4652e-01     0.0503      0.623    1482.18   76.09212    7.32141  0.000e+00
    186.300     7.1476    34.8999    27.3193 1.4652e-01     0.0515      0.619    1482.18   76.08655    7.32089  0.000e+00
    186.325     7.1478    34.8998    27.3192 1.4652e-01     0.0539      0.612    1482.18   76.08088    7.32032  0.000e+00
    186.351     7.1478    34.8998    27.3192 1.4652e-01     0.0539      0.608    1482.18   76.01965    7.31443  0.000e+00
    186.361     7.1476    34.9000    27.3194 1.4652e-01     0.0515      0.608    1482.18   76.07764    7.32002  0.000e+00
    186.386     7.1476    34.8999    27.3193 1.4652e-01     0.0503      0.615    1482.18   76.07198    7.31948  0.000e+00
    186.422     7.1479    34.8998    27.3192 1.4652e-01     0.0491      0.615    1482.18   76.00262    7.31276  0.000e+00
    186.437     7.1479    34.8997    27.3191 1.4652e-01     0.0478      0.615    1482.18   76.05211    7.31753  0.000e+00
    186.447     7.1481    34.8997    27.3191 1.4652e-01     0.0491      0.615    1482.18   76.04562    7.31688  0.000e+00
    186.485     7.1480    34.8995    27.3190 1.4652e-01     0.0515      0.615    1482.18   76.04732    7.31707  0.000e+00
    186.497     7.1481    34.8996    27.3190 1.4652e-01     0.0527      0.619    1482.18   76.04874    7.31718  0.000e+00
    186.523     7.1481    34.8995    27.3189 1.4652e-01     0.0539      0.615    1482.18   76.05032    7.31734  0.000e+00
    186.546     7.1478    34.9001    27.3195 1.4652e-01     0.0527      0.615    1482.18   76.05189    7.31751  0.000e+00
    186.584     7.1481    34.8998    27.3192 1.4652e-01     0.0515      0.623    1482.19   76.04534    7.31685  0.000e+00
    186.596     7.1483    34.8993    27.3187 1.4652e-01     0.0491      0.645    1482.19   76.04642    7.31694  0.000e+00
    186.609     7.1481    34.8995    27.3189 1.4652e-01     0.0491      0.645    1482.19   76.04756    7.31707  0.000e+00
    186.657     7.1483    34.8999    27.3192 1.4652e-01     0.0515      0.637    1482.19   76.04900    7.31716  0.000e+00
    186.645     7.1483    34.8999    27.3192 1.4652e-01     0.0539      0.641    1482.19   76.04987    7.31724  0.000e+00
    186.695     7.1483    34.8999    27.3192 1.4652e-01     0.0527      0.652    1482.19   76.05134    7.31739  0.000e+00
    186.708     7.1484    34.8994    27.3188 1.4652e-01     0.0515      0.659    1482.19   76.04424    7.31670  0.000e+00
    186.731     7.1484    34.9000    27.3192 1.4652e-01     0.0527      0.656    1482.19   76.04513    7.31676  0.000e+00
    186.756     7.1483    34.9000    27.3193 1.4652e-01     0.0503      0.648    1482.19   76.04604    7.31687  0.000e+00
    186.769     7.1483    34.9001    27.3193 1.4652e-01     0.0491      0.645    1482.19   76.04683    7.31695  0.000e+00
    186.793     7.1486    34.8997    27.3190 1.4652e-01     0.0466      0.645    1482.19   76.04770    7.31699  0.000e+00
    186.818     7.1483    34.8998    27.3191 1.4652e-01     0.0478      0.641    1482.19   76.04864    7.31713  0.000e+00
    186.841     7.1486    34.9000    27.3192 1.4652e-01     0.0478      0.641    1482.19   76.04949    7.31715  0.000e+00
    186.879     7.1484    34.9005    27.3197 1.4652e-01     0.0466      0.641    1482.19   76.05054    7.31725  0.000e+00
    186.881     7.1484    34.9000    27.3193 1.4652e-01     0.0478      0.637    1482.19   76.05122    7.31734  0.000e+00
    186.904     7.1484    34.8996    27.3190 1.5873e-01     0.0503      0.637    1482.19   76.05210    7.31745  0.000e+00
    186.940     7.1484    34.8998    27.3191 1.4652e-01     0.0515      0.641    1482.19   76.05312    7.31754  0.000e+00
    186.955     7.1486    34.8998    27.3191 1.4652e-01     0.0527      0.634    1482.19   76.05391    7.31759  0.000e+00
    186.978     7.1483    34.8999    27.3192 1.4652e-01     0.0503      0.630    1482.19   76.05483    7.31772  0.000e+00
    186.990     7.1484    34.8996    27.3189 1.4652e-01     0.0503      0.630    1482.19   76.05558    7.31778  0.000e+00
    187.003     7.1484    34.9001    27.3193 1.4652e-01     0.0515      0.630    1482.19   76.05637    7.31784  0.000e+00
    187.066     7.1486    34.8999    27.3192 1.4652e-01     0.0515      0.626    1482.20   76.05763    7.31794  0.000e+00
    187.064     7.1483    34.8998    27.3192 1.5873e-01     0.0527      0.623    1482.19   76.05831    7.31806  0.000e+00
    187.089     7.1483    34.8997    27.3190 1.5873e-01     0.0552      0.623    1482.19   76.05921    7.31815  0.000e+00
    187.102     7.1484    34.9000    27.3193 1.5873e-01     0.0552      0.623    1482.20   76.05998    7.31819  0.000e+00
    187.125     7.1484    34.8998    27.3191 1.4652e-01     0.0552      0.623    1482.20   76.06087    7.31828  0.000e+00
    187.150     7.1484    34.8998    27.3191 1.4652e-01     0.0564      0.619    1482.20   76.06177    7.31837  0.000e+00
    187.163     7.1484    34.9000    27.3193 1.4652e-01     0.0539      0.619    1482.20   76.06256    7.31843  0.000e+00
    187.188     7.1484    34.9002    27.3194 1.4652e-01     0.0515      0.619    1482.20   76.06346    7.31851  0.000e+00
    187.213     7.1484    34.8997    27.3191 1.4652e-01     0.0527      0.623    1482.20   76.12783    7.32473  0.000e+00
    187.226     7.1484    34.9000    27.3193 1.4652e-01     0.0552      0.626    1482.20   76.07271    7.31941  0.000e+00
    187.249     7.1484    34.9003    27.3195 1.5873e-01     0.0552      0.630    1482.20   76.07326    7.31945  0.000e+00
    187.274     7.1483    34.9000    27.3193 1.4652e-01     0.0552      0.626    1482.20   76.13732    7.32565  0.000e+00
    187.287     7.1484    34.9000    27.3192 1.4652e-01     0.0539      0.623    1482.20   76.14531    7.32640  0.000e+00
    187.298     7.1484    34.8998    27.3191 1.4652e-01     0.0515      0.623    1482.20   76.08952    7.32104  0.000e+00
    187.335     7.1483    34.8999    27.3192 1.4652e-01     0.0491      0.619    1482.20   76.08957    7.32106  0.000e+00
    187.348     7.1486    34.8995    27.3188 1.4652e-01     0.0491      0.615    1482.20   76.15280    7.32712  0.000e+00
    187.361     7.1483    34.9001    27.3194 1.4652e-01     0.0503      0.612    1482.20   76.09673    7.32174  0.000e+00
    187.397     7.1484    34.9001    27.3193 1.4652e-01     0.0515      0.619    1482.20   76.15988    7.32780  0.000e+00
    187.409     7.1484    34.8998    27.3191 1.4652e-01     0.0527      0.630    1482.20   76.09522    7.32159  0.000e+00
    187.435     7.1484    34.9001    27.3193 1.4652e-01     0.0515      0.637    1482.20   76.15763    7.32758  0.000e+00
    187.447     7.1483    34.9002    27.3194 1.4652e-01     0.0503      0.630    1482.20   76.16400    7.32821  0.000e+00
    187.472     7.1483    34.8999    27.3192 1.4652e-01     0.0515      0.623    1482.20   76.09848    7.32192  0.000e+00
    187.496     7.1484    34.8998    27.3191 1.4652e-01     0.0515      0.623    1482.20   76.15988    7.32781  0.000e+00
    187.521     7.1484    34.8999    27.3192 1.4652e-01     0.0491      0.626    1482.20   76.16538    7.32833  0.000e+00
    187.496     7.1484    34.9000    27.3193 1.4652e-01     0.0491      0.623    1482.20   76.10660    7.32267  0.000e+00
    187.595     7.1483    34.9001    27.3194 1.4652e-01     0.0527      0.626    1482.20   76.16811    7.32861  0.000e+00
    187.582     7.1483    34.9000    27.3193 1.4652e-01     0.0515      0.634    1482.20   76.10911    7.32294  0.000e+00
    187.595     7.1484    34.8999    27.3192 1.4652e-01     0.0515      0.634    1482.20   76.10594    7.32261  0.000e+00
    187.618     7.1483    34.9001    27.3194 1.4652e-01     0.0527      0.626    1482.20   76.16637    7.32844  0.000e+00
    187.643     7.1483    34.9000    27.3192 1.4652e-01     0.0503      0.626    1482.20   76.10742    7.32278  0.000e+00
    187.645     7.1483    34.9000    27.3193 1.4652e-01     0.0527      0.626    1482.20   76.10383    7.32243  0.000e+00
    187.693     7.1484    34.8996    27.3190 1.4652e-01     0.0527      0.630    1482.21   76.10067    7.32212  0.000e+00
    187.706     7.1483    34.9002    27.3194 1.4652e-01     0.0491      0.634    1482.21   76.16068    7.32789  0.000e+00
    187.731     7.1483    34.9003    27.3195 1.4652e-01     0.0478      0.634    1482.21   76.10139    7.32219  0.000e+00
    187.755     7.1486    34.8997    27.3190 1.4652e-01     0.0503      0.637    1482.21   76.09767    7.32180  0.000e+00
    187.767     7.1484    34.9006    27.3198 1.4652e-01     0.0491      0.634    1482.21   76.09386    7.32142  0.000e+00
    187.792     7.1484    34.9001    27.3193 1.4652e-01     0.0491      0.630    1482.21   76.09017    7.32109  0.000e+00
    187.816     7.1486    34.8998    27.3191 1.4652e-01     0.0503      0.626    1482.21   76.08645    7.32072  0.000e+00
    187.830     7.1486    34.8997    27.3190 1.4652e-01     0.0491      0.619    1482.21   76.08265    7.32036  0.000e+00
    187.866     7.1483    34.9002    27.3194 1.4652e-01     0.0491      0.619    1482.21   76.07910    7.32004  0.000e+00
    187.877     7.1484    34.9000    27.3193 1.4652e-01     0.0491      0.612    1482.21   76.07526    7.31966  0.000e+00
    187.915     7.1484    34.8998    27.3191 1.4652e-01     0.0503      0.615    1482.21   76.07169    7.31932  0.000e+00
    187.927     7.1484    34.8998    27.3191 1.4652e-01     0.0491      0.619    1482.21   76.06787    7.31896  0.000e+00
    187.952     7.1486    34.8998    27.3191 1.4652e-01     0.0503      0.619    1482.21   76.06416    7.31857  0.000e+00
    187.978     7.1486    34.8998    27.3191 1.4652e-01     0.0527      0.623    1482.21   76.06048    7.31822  0.000e+00
    187.990     7.1486    34.8996    27.3189 1.4652e-01     0.0527      0.626    1482.21   76.05665    7.31786  0.000e+00
    188.026     7.1486    34.8998    27.3191 1.4652e-01     0.0527      0.630    1482.21   76.05307    7.31751  0.000e+00
    188.039     7.1484    34.8998    27.3191 1.4652e-01     0.0491      0.626    1482.21   75.98581    7.31106  0.000e+00
    188.064     7.1483    34.9003    27.3195 1.4652e-01     0.0478      0.623    1482.21   76.03804    7.31609  0.000e+00
    188.100     7.1486    34.8999    27.3192 1.4652e-01     0.0491      0.623    1482.21   75.97129    7.30963  0.000e+00
    188.112     7.1483    34.9002    27.3194 1.4652e-01     0.0527      0.623    1482.21   75.96027    7.30861  0.000e+00
    188.138     7.1483    34.9001    27.3193 1.4652e-01     0.0527      0.619    1482.21   75.94969    7.30760  0.000e+00
    188.150     7.1483    34.9001    27.3194 1.4652e-01     0.0515      0.615    1482.21   75.93930    7.30660  0.000e+00
    188.186     7.1484    34.9000    27.3193 1.4652e-01     0.0503      0.630    1482.21   75.92946    7.30563  0.000e+00
    188.199     7.1486    34.8998    27.3191 1.4652e-01     0.0527      0.663    1482.21   75.91972    7.30467  0.000e+00
    188.235     7.1484    34.9001    27.3194 1.4652e-01     0.0527      0.663    1482.22   75.91057    7.30381  0.000e+00
    188.249     7.1484    34.9000    27.3192 1.3431e-01     0.0515      0.648    1482.22   75.90151    7.30294  0.000e+00
    188.273     7.1484    34.9000    27.3192 1.3431e-01     0.0503      0.634    1482.22   75.90110    7.30290  0.000e+00
    188.298     7.1484    34.9002    27.3194 1.3431e-01     0.0491      0.630    1482.22   75.89313    7.30213  0.000e+00
    188.334     7.1484    34.9001    27.3194 1.4652e-01     0.0466      0.626    1482.22   75.88560    7.30140  0.000e+00
    188.348     7.1483    34.9006    27.3198 1.4652e-01     0.0478      0.626    1482.22   75.88641    7.30148  0.000e+00
    188.372     7.1484    34.9003    27.3195 1.4652e-01     0.0491      0.623    1482.22   75.88795    7.30162  0.000e+00
    188.395     7.1484    34.9001    27.3193 1.4652e-01     0.0503      0.619    1482.22   75.88194    7.30105  0.000e+00
    188.422     7.1484    34.8999    27.3192 1.4652e-01     0.0527      0.615    1482.22   75.87629    7.30052  0.000e+00
    188.433     7.1484    34.9001    27.3193 1.4652e-01     0.0527      0.612    1482.22   75.81556    7.29467  0.000e+00
    188.458     7.1484    34.9002    27.3194 1.4652e-01     0.0515      0.608    1482.22   75.80332    7.29348  0.000e+00
    188.483     7.1484    34.9001    27.3193 1.4652e-01     0.0552      0.608    1482.22   75.79995    7.29317  0.000e+00
    188.519     7.1484    34.9001    27.3194 1.4652e-01     0.0564      0.615    1482.22   75.78947    7.29215  0.000e+00
    188.532     7.1484    34.9002    27.3194 1.4652e-01     0.0552      0.619    1482.22   75.85110    7.29808  0.000e+00
    188.569     7.1486    34.8999    27.3191 1.4652e-01     0.0552      0.619    1482.22   75.79454    7.29263  0.000e+00
    188.582     7.1484    34.9004    27.3195 1.4652e-01     0.0564      0.615    1482.22   75.78615    7.29182  0.000e+00
    188.607     7.1484    34.8999    27.3192 1.4652e-01     0.0552      0.615    1482.22   75.78672    7.29190  0.000e+00
    188.643     7.1484    34.8998    27.3191 1.4652e-01     0.0564      0.623    1482.22   75.78839    7.29207  0.000e+00
    188.643     7.1481    34.9005    27.3197 1.4652e-01     0.0539      0.626    1482.22   75.78251    7.29152  0.000e+00
    188.679     7.1484    34.8999    27.3192 1.4652e-01     0.0527      0.626    1482.22   75.78579    7.29181  0.000e+00
    188.704     7.1486    34.8998    27.3191 1.4652e-01     0.0515      0.623    1482.22   75.78175    7.29140  0.000e+00
    188.729     7.1484    34.9001    27.3193 1.4652e-01     0.0515      0.619    1482.22   75.77840    7.29109  0.000e+00
    188.754     7.1483    34.9006    27.3198 1.4652e-01     0.0491      0.615    1482.22   75.78391    7.29162  0.000e+00
    188.767     7.1486    34.9000    27.3193 1.4652e-01     0.0515      0.630    1482.22   75.78204    7.29142  0.000e+00
    188.791     7.1483    34.9004    27.3196 1.4652e-01     0.0491      0.641    1482.22   75.78100    7.29135  0.000e+00
    188.816     7.1486    34.8998    27.3191 1.4652e-01     0.0478      0.641    1482.22   75.78056    7.29129  0.000e+00
    188.841     7.1486    34.8998    27.3191 1.4652e-01     0.0503      0.634    1482.23   75.72554    7.28599  0.000e+00
    188.866     7.1484    34.9000    27.3193 1.4652e-01     0.0515      0.626    1482.23   75.78271    7.29151  0.000e+00
    188.889     7.1486    34.9001    27.3193 1.4652e-01     0.0515      0.626    1482.23   75.78489    7.29169  0.000e+00
