Rawdata/2018_07_17/VT10_20180717_down.cnv
* Sea-Bird SBE 9 Data File:
* FileName = C:\CTD Brukere\NIVA\OKOKYST2018\2018_07_17\VT10_20180717.hdr
* Software Version Seasave V 7.21f
* Temperature SN = 5352
* Conductivity SN = 3840
* Number of Bytes Per Scan = 28
* Number of Voltage Words = 4
* Number of Scans Averaged by the Deck Unit = 1
* NMEA baud rate = 4800
** Ship: R/V Trygve Braarud
** Cruise:
** Station:
** Operator:
# nquan = 11
# nvalues = 10037                                 
# units = specified
# name 0 = depSM: Depth [salt water, m], lat = 0.00
# name 1 = t090C: Temperature [ITS-90, deg C]
# name 2 = sal00: Salinity, Practical [PSU]
# name 3 = sigma-t00: Density [sigma-t, Kg/m^3 ]
# name 4 = flSP: Fluorescence, Seapoint
# name 5 = wetStar: Fluorescence, WET Labs WETstar [mg/m^3]
# name 6 = seaTurbMtr: Turbidity, Seapoint [FTU]
# name 7 = svCM: Sound Velocity [Chen-Millero, m/s]
# name 8 = sbeox0PS: Oxygen, SBE 43 [% saturation]
# name 9 = sbeox0Mg/L: Oxygen, SBE 43 [mg/l]
# name 10 = flag:  0.000e+00
# span 0 =     -0.305,    195.144                 
# span 1 =     6.6482,    20.9651                 
# span 2 =     2.0570,    34.9034                 
# span 3 =    -0.4261,    27.3213                 
# span 4 = 1.3431e-01, 3.4554e+00                 
# span 5 =     0.0429,     0.2652                 
# span 6 =      0.414,     13.725                 
# span 7 =    1476.41,    1512.05                 
# span 8 =   72.76759,  103.70894                 
# span 9 =    6.33724,    8.79505                 
# span 10 = 0.0000e+00, 0.0000e+00                
# interval = seconds: 0.0416667
# start_time = Jul 17 2018 09:12:09 [System UTC, first data scan.]
# bad_flag = -9.990e-29
*END*
[from data line 2361]
     46.098     6.7962    34.0701    26.7140 1.5873e-01     0.1186      0.473    1477.46   78.77919    7.68310  0.000e+00
     46.134     6.7961    34.0714    26.7150 1.5873e-01     0.1211      0.469    1477.46   78.78306    7.68344  0.000e+00
     46.150     6.7953    34.0727    26.7161 1.5873e-01     0.1199      0.469    1477.46   78.72108    7.67748  0.000e+00
     46.170     6.7935    34.0745    26.7178 1.5873e-01     0.1223      0.476    1477.46   78.71820    7.67741  0.000e+00
     46.206     6.7923    34.0758    26.7190 1.5873e-01     0.1223      0.484    1477.46   78.78213    7.68381  0.000e+00
     46.222     6.7910    34.0759    26.7192 1.5873e-01     0.1211      0.484    1477.45   78.73324    7.67926  0.000e+00
     46.255     6.7889    34.0771    26.7205 1.5873e-01     0.1211      0.484    1477.45   78.74359    7.68058  0.000e+00
     46.291     6.7864    34.0774    26.7210 1.5873e-01     0.1186      0.480    1477.44   78.75050    7.68168  0.000e+00
     46.295     6.7833    34.0780    26.7219 1.5873e-01     0.1174      0.480    1477.42   78.76129    7.68325  0.000e+00
     46.326     6.7808    34.0790    26.7231 1.5873e-01     0.1174      0.484    1477.42   78.77644    7.68511  0.000e+00
     46.362     6.7792    34.0794    26.7236 1.5873e-01     0.1199      0.484    1477.41   78.78776    7.68649  0.000e+00
     46.367     6.7785    34.0795    26.7238 1.5873e-01     0.1186      0.480    1477.41   78.81051    7.68883  0.000e+00
     46.400     6.7774    34.0802    26.7245 1.5873e-01     0.1174      0.484    1477.41   78.82974    7.69086  0.000e+00
     46.436     6.7772    34.0805    26.7247 1.5873e-01     0.1223      0.484    1477.41   78.79055    7.68706  0.000e+00
     46.452     6.7768    34.0800    26.7244 1.5873e-01     0.1235      0.484    1477.40   78.86413    7.69433  0.000e+00
     46.460     6.7762    34.0800    26.7245 1.5873e-01     0.1260      0.484    1477.40   78.88659    7.69663  0.000e+00
     46.483     6.7757    34.0799    26.7245 1.5873e-01     0.1211      0.480    1477.40   78.91270    7.69928  0.000e+00
     46.524     6.7753    34.0801    26.7246 1.5873e-01     0.1186      0.480    1477.40   78.88028    7.69617  0.000e+00
     46.532     6.7748    34.0808    26.7253 1.5873e-01     0.1186      0.498    1477.40   78.89795    7.69794  0.000e+00
     46.568     6.7746    34.0801    26.7247 1.4652e-01     0.1162      0.630    1477.40   78.98161    7.70617  0.000e+00
     46.584     6.7742    34.0804    26.7251 1.5873e-01     0.1162      1.147    1477.40   78.94352    7.70252  0.000e+00
     46.604     6.7743    34.0803    26.7250 1.5873e-01     0.1162      1.894    1477.40   78.97115    7.70519  0.000e+00
     46.617     6.7745    34.0806    26.7252 1.5873e-01     0.1186      2.275    1477.40   78.99425    7.70739  0.000e+00
     46.644     6.7745    34.0806    26.7252 1.4652e-01     0.1199      2.172    1477.40   79.02070    7.70999  0.000e+00
     46.664     6.7745    34.0791    26.7240 1.5873e-01     0.1186      1.718    1477.40   79.11247    7.71901  0.000e+00
     46.693     6.7734    34.0776    26.7229 1.5873e-01     0.1186      1.271    1477.39   79.08256    7.71638  0.000e+00
     46.701     6.7705    34.0758    26.7219 1.5873e-01     0.1186      0.978    1477.38   79.11002    7.71965  0.000e+00
     46.724     6.7662    34.0748    26.7217 1.7094e-01     0.1199      0.806    1477.36   79.13266    7.72267  0.000e+00
     46.754     6.7608    34.0741    26.7219 1.7094e-01     0.1199      0.696    1477.34   79.15803    7.72616  0.000e+00
     46.762     6.7551    34.0727    26.7215 1.7094e-01     0.1199      0.623    1477.32   79.18578    7.72994  0.000e+00
     46.798     6.7489    34.0726    26.7223 1.5873e-01     0.1199      0.579    1477.29   79.14621    7.72718  0.000e+00
     46.814     6.7439    34.0739    26.7240 1.5873e-01     0.1186      0.542    1477.27   79.22570    7.73579  0.000e+00
     46.834     6.7392    34.0755    26.7259 1.5873e-01     0.1162      0.520    1477.26   79.25287    7.73918  0.000e+00
     46.861     6.7370    34.0751    26.7259 1.5873e-01     0.1186      0.498    1477.25   79.21191    7.73561  0.000e+00
     46.882     6.7350    34.0752    26.7262 1.5873e-01     0.1162      0.487    1477.24   79.22767    7.73750  0.000e+00
     46.894     6.7323    34.0755    26.7268 1.5873e-01     0.1162      0.480    1477.23   79.23763    7.73892  0.000e+00
     46.922     6.7294    34.0763    26.7278 1.4652e-01     0.1162      0.476    1477.22   79.24971    7.74058  0.000e+00
     46.930     6.7271    34.0765    26.7283 1.5873e-01     0.1174      0.473    1477.21   79.26346    7.74233  0.000e+00
     46.957     6.7253    34.0769    26.7289 1.5873e-01     0.1186      0.473    1477.21   79.27927    7.74416  0.000e+00
     46.990     6.7241    34.0770    26.7291 1.4652e-01     0.1174      0.473    1477.20   79.29701    7.74612  0.000e+00
     47.003     6.7224    34.0776    26.7298 1.5873e-01     0.1174      0.473    1477.20   79.24626    7.74142  0.000e+00
     47.018     6.7214    34.0785    26.7307 1.5873e-01     0.1138      0.480    1477.20   79.25196    7.74213  0.000e+00
     47.039     6.7205    34.0799    26.7319 1.5873e-01     0.1138      0.476    1477.19   79.19737    7.73687  0.000e+00
     47.067     6.7197    34.0814    26.7332 1.5873e-01     0.1150      0.473    1477.19   79.25390    7.74246  0.000e+00
     47.086     6.7196    34.0828    26.7342 1.5873e-01     0.1162      0.473    1477.20   79.19507    7.73667  0.000e+00
     47.111     6.7188    34.0840    26.7354 1.5873e-01     0.1150      0.484    1477.19   79.19284    7.73652  0.000e+00
     47.127     6.7185    34.0853    26.7364 1.5873e-01     0.1138      0.491    1477.19   79.18440    7.73570  0.000e+00
     47.147     6.7180    34.0870    26.7378 1.5873e-01     0.1162      0.487    1477.20   79.12336    7.72973  0.000e+00
     47.176     6.7179    34.0892    26.7396 1.5873e-01     0.1150      0.480    1477.20   79.11119    7.72844  0.000e+00
     47.184     6.7180    34.0914    26.7413 1.5873e-01     0.1174      0.484    1477.20   79.03845    7.72121  0.000e+00
     47.220     6.7178    34.0933    26.7428 1.5873e-01     0.1186      0.484    1477.20   79.08508    7.72570  0.000e+00
     47.236     6.7182    34.0941    26.7434 1.5873e-01     0.1186      0.502    1477.21   79.00857    7.71813  0.000e+00
     47.244     6.7185    34.0950    26.7441 1.5873e-01     0.1174      0.498    1477.21   78.98845    7.71605  0.000e+00
     47.284     6.7196    34.0964    26.7450 1.5873e-01     0.1199      0.487    1477.22   78.91626    7.70874  0.000e+00
     47.305     6.7204    34.0972    26.7456 1.5873e-01     0.1199      0.484    1477.22   78.89304    7.70628  0.000e+00
     47.333     6.7212    34.0983    26.7463 1.7094e-01     0.1174      0.520    1477.23   78.87212    7.70404  0.000e+00
     47.352     6.7217    34.0997    26.7473 1.8315e-01     0.1186      0.806    1477.23   78.79115    7.69598  0.000e+00
     47.365     6.7220    34.1013    26.7486 1.8315e-01     0.1186      0.993    1477.23   78.76726    7.69351  0.000e+00
     47.404     6.7225    34.1031    26.7499 1.7094e-01     0.1186      1.103    1477.24   78.68392    7.68519  0.000e+00
     47.426     6.7228    34.1044    26.7509 1.7094e-01     0.1150      1.015    1477.24   78.65787    7.68252  0.000e+00
     47.440     6.7234    34.1065    26.7524 1.7094e-01     0.1150      0.832    1477.25   78.63461    7.68004  0.000e+00
     47.473     6.7244    34.1075    26.7531 1.7094e-01     0.1150      0.689    1477.25   78.55213    7.67176  0.000e+00
     47.501     6.7250    34.1094    26.7545 1.7094e-01     0.1150      0.612    1477.26   78.45715    7.66227  0.000e+00
     47.533     6.7261    34.1105    26.7552 1.7094e-01     0.1125      0.560    1477.26   78.49020    7.66526  0.000e+00
     47.538     6.7266    34.1115    26.7560 1.5873e-01     0.1162      0.520    1477.27   78.34716    7.65114  0.000e+00
     47.571     6.7271    34.1119    26.7562 1.5873e-01     0.1138      0.495    1477.27   78.37962    7.65421  0.000e+00
     47.597     6.7274    34.1126    26.7567 1.5873e-01     0.1138      0.480    1477.27   78.22849    7.63937  0.000e+00
     47.631     6.7279    34.1126    26.7566 1.5873e-01     0.1101      0.469    1477.27   78.19040    7.63556  0.000e+00
     47.654     6.7280    34.1133    26.7572 1.5873e-01     0.1113      0.465    1477.28   78.16406    7.63292  0.000e+00
     47.682     6.7285    34.1146    26.7581 1.5873e-01     0.1113      0.458    1477.28   78.07167    7.62376  0.000e+00
     47.703     6.7290    34.1166    26.7597 1.5873e-01     0.1125      0.454    1477.28   77.97568    7.61419  0.000e+00
     47.730     6.7295    34.1184    26.7610 1.4652e-01     0.1138      0.451    1477.29   77.93882    7.61042  0.000e+00
     47.763     6.7304    34.1198    26.7620 1.4652e-01     0.1162      0.451    1477.30   77.84420    7.60095  0.000e+00
     47.791     6.7313    34.1224    26.7639 1.4652e-01     0.1174      0.447    1477.30   77.81691    7.59800  0.000e+00
     47.812     6.7323    34.1251    26.7659 1.5873e-01     0.1138      0.447    1477.31   77.72441    7.58865  0.000e+00
     47.838     6.7336    34.1284    26.7683 1.4652e-01     0.1150      0.443    1477.32   77.62940    7.57900  0.000e+00
     47.872     6.7354    34.1320    26.7710 1.5873e-01     0.1174      0.443    1477.33   77.59444    7.57508  0.000e+00
     47.887     6.7367    34.1351    26.7732 1.7094e-01     0.1162      0.451    1477.34   77.56477    7.57180  0.000e+00
     47.920     6.7384    34.1374    26.7748 1.5873e-01     0.1138      0.465    1477.35   77.41620    7.55689  0.000e+00
     47.947     6.7397    34.1400    26.7767 1.5873e-01     0.1150      0.462    1477.36   77.37482    7.55249  0.000e+00
     47.980     6.7414    34.1415    26.7776 1.4652e-01     0.1138      0.454    1477.37   77.34724    7.54944  0.000e+00
     48.008     6.7429    34.1439    26.7793 1.5873e-01     0.1125      0.454    1477.38   77.26344    7.54088  0.000e+00
     48.029     6.7451    34.1476    26.7820 1.5873e-01     0.1101      0.454    1477.39   77.17028    7.53121  0.000e+00
     48.044     6.7482    34.1522    26.7852 1.5873e-01     0.1113      0.454    1477.41   77.13799    7.52730  0.000e+00
     48.089     6.7510    34.1569    26.7885 1.5873e-01     0.1089      0.451    1477.43   77.05017    7.51800  0.000e+00
     48.117     6.7535    34.1605    26.7910 1.4652e-01     0.1077      0.447    1477.44   77.02349    7.51479  0.000e+00
     48.125     6.7555    34.1634    26.7930 1.4652e-01     0.1089      0.443    1477.45   76.94111    7.50626  0.000e+00
     48.164     6.7575    34.1657    26.7945 1.4652e-01     0.1089      0.443    1477.47   76.85839    7.49774  0.000e+00
     48.185     6.7590    34.1681    26.7962 1.4652e-01     0.1101      0.443    1477.47   76.83745    7.49531  0.000e+00
     48.213     6.7605    34.1709    26.7982 1.5873e-01     0.1113      0.443    1477.48   76.75370    7.48675  0.000e+00
     48.246     6.7619    34.1737    26.8003 1.5873e-01     0.1125      0.443    1477.49   76.66968    7.47818  0.000e+00
     48.274     6.7628    34.1762    26.8021 1.5873e-01     0.1150      0.443    1477.50   76.63988    7.47500  0.000e+00
     48.282     6.7640    34.1776    26.8030 1.4652e-01     0.1113      0.443    1477.51   76.56299    7.46722  0.000e+00
     48.321     6.7648    34.1785    26.8037 1.5873e-01     0.1113      0.443    1477.51   76.54097    7.46489  0.000e+00
     48.342     6.7654    34.1794    26.8043 1.5873e-01     0.1101      0.447    1477.52   76.46423    7.45725  0.000e+00
     48.370     6.7662    34.1799    26.8046 1.5873e-01     0.1125      0.451    1477.52   76.45009    7.45571  0.000e+00
     48.394     6.7670    34.1811    26.8054 1.4652e-01     0.1089      0.451    1477.53   76.43593    7.45414  0.000e+00
     48.415     6.7683    34.1826    26.8064 1.4652e-01     0.1089      0.451    1477.53   76.36715    7.44714  0.000e+00
     48.442     6.7702    34.1853    26.8083 1.5873e-01     0.1101      0.454    1477.54   76.29074    7.43922  0.000e+00
     48.476     6.7724    34.1882    26.8103 1.5873e-01     0.1101      0.458    1477.56   76.28493    7.43813  0.000e+00
     48.490     6.7748    34.1921    26.8131 1.4652e-01     0.1089      0.458    1477.57   76.21703    7.43092  0.000e+00
     48.512     6.7780    34.1948    26.8147 1.5873e-01     0.1101      0.465    1477.59   76.21203    7.42974  0.000e+00
     48.538     6.7813    34.1964    26.8156 1.5873e-01     0.1089      0.480    1477.60   76.20740    7.42865  0.000e+00
     48.572     6.7847    34.1982    26.8165 1.4652e-01     0.1101      0.484    1477.62   76.14860    7.42226  0.000e+00
     48.575     6.7875    34.2000    26.8175 1.5873e-01     0.1101      0.476    1477.63   76.15239    7.42206  0.000e+00
     48.572     6.7900    34.2020    26.8188 1.5873e-01     0.1101      0.469    1477.64   76.15644    7.42193  0.000e+00
     48.671     6.7924    34.2027    26.8190 1.5873e-01     0.1089      0.462    1477.66   76.10722    7.41668  0.000e+00
     48.647     6.7938    34.2043    26.8201 1.5873e-01     0.1101      0.458    1477.66   76.11174    7.41680  0.000e+00
     48.668     6.7951    34.2056    26.8209 1.5873e-01     0.1113      0.454    1477.67   76.12466    7.41778  0.000e+00
     48.707     6.7967    34.2061    26.8211 1.5873e-01     0.1101      0.458    1477.68   76.08350    7.41348  0.000e+00
     48.704     6.7979    34.2071    26.8217 1.5873e-01     0.1113      0.458    1477.68   76.15906    7.42059  0.000e+00
     48.743     6.7989    34.2073    26.8217 1.5873e-01     0.1113      0.458    1477.69   76.11791    7.41639  0.000e+00
     48.764     6.7997    34.2083    26.8224 1.5873e-01     0.1101      0.465    1477.69   76.14679    7.41902  0.000e+00
     48.768     6.8011    34.2095    26.8232 1.5873e-01     0.1101      0.469    1477.70   76.16752    7.42075  0.000e+00
     48.804     6.8029    34.2114    26.8245 1.5873e-01     0.1101      0.476    1477.71   76.20384    7.42388  0.000e+00
     48.813     6.8046    34.2131    26.8255 1.5873e-01     0.1101      0.480    1477.72   76.23162    7.42622  0.000e+00
     48.853     6.8061    34.2144    26.8264 1.5873e-01     0.1089      0.476    1477.73   76.26670    7.42932  0.000e+00
     48.862     6.8080    34.2163    26.8276 1.5873e-01     0.1089      0.473    1477.74   76.30849    7.43296  0.000e+00
     48.877     6.8097    34.2180    26.8287 1.5873e-01     0.1101      0.469    1477.75   76.28715    7.43052  0.000e+00
     48.913     6.8112    34.2190    26.8293 1.5873e-01     0.1113      0.465    1477.75   76.38186    7.43944  0.000e+00
     48.923     6.8131    34.2191    26.8291 1.5873e-01     0.1113      0.462    1477.76   76.42809    7.44361  0.000e+00
     48.937     6.8145    34.2204    26.8300 1.4652e-01     0.1113      0.458    1477.77   76.47280    7.44766  0.000e+00
     48.970     6.8161    34.2215    26.8306 1.5873e-01     0.1138      0.458    1477.78   76.52371    7.45229  0.000e+00
     48.973     6.8175    34.2237    26.8322 1.5873e-01     0.1150      0.458    1477.79   76.51022    7.45062  0.000e+00
     49.009     6.8195    34.2255    26.8333 1.5873e-01     0.1162      0.458    1477.80   76.61189    7.46010  0.000e+00
     49.030     6.8212    34.2283    26.8353 1.5873e-01     0.1125      0.458    1477.81   76.60204    7.45871  0.000e+00
     49.045     6.8234    34.2323    26.8382 1.5873e-01     0.1101      0.458    1477.82   76.71462    7.46909  0.000e+00
     49.079     6.8255    34.2356    26.8405 1.4652e-01     0.1077      0.462    1477.83   76.76231    7.47322  0.000e+00
     49.081     6.8270    34.2392    26.8431 1.4652e-01     0.1077      0.473    1477.84   76.81447    7.47785  0.000e+00
     49.118     6.8287    34.2413    26.8445 1.5873e-01     0.1052      0.473    1477.85   76.87176    7.48303  0.000e+00
