Rawdata/2018_07_17/VT3_20180718_down.cnv
* Sea-Bird SBE 9 Data File:
* FileName = C:\CTD Brukere\NIVA\OKOKYST2018\2018_07_17\VT3_20180718.hdr
* Software Version Seasave V 7.21f
* Temperature SN = 5352
* Conductivity SN = 3840
* Number of Bytes Per Scan = 28
* Number of Voltage Words = 4
* Number of Scans Averaged by the Deck Unit = 1
* NMEA baud rate = 4800
** Ship: R/V Trygve Braarud
** Cruise:
** Station:
** Operator:
# nquan = 11
# nvalues = 20432                                 
# units = specified
# name 0 = depSM: Depth [salt water, m], lat = 0.00
# name 1 = t090C: Temperature [ITS-90, deg C]
# name 2 = sal00: Salinity, Practical [PSU]
# name 3 = sigma-t00: Density [sigma-t, Kg/m^3 ]
# name 4 = flSP: Fluorescence, Seapoint
# name 5 = wetStar: Fluorescence, WET Labs WETstar [mg/m^3]
# name 6 = seaTurbMtr: Turbidity, Seapoint [FTU]
# name 7 = svCM: Sound Velocity [Chen-Millero, m/s]
# name 8 = sbeox0PS: Oxygen, SBE 43 [% saturation]
# name 9 = sbeox0Mg/L: Oxygen, SBE 43 [mg/l]
# name 10 = flag:  0.000e+00
# span 0 =     -0.095,    451.265                 
# span 1 =     6.5153,    21.5953                 
# span 2 =    24.6204,    35.0022                 
# span 3 =    16.4629,    27.4869                 
# span 4 = 1.2210e-01, 2.9060e+00                 
# span 5 =     0.0075,     0.3470                 
# span 6 =      0.432,     14.256                 
# span 7 =    1477.87,    1514.55                 
# span 8 =   75.74190,  109.49369                 
# span 9 =    5.78376,    9.15311                 
# span 10 = 0.0000e+00, 0.0000e+00                
# interval = seconds: 0.0416667
# start_time = Jul 18 2018 10:12:52 [System UTC, first data scan.]
# bad_flag = -9.990e-29
*END*
[from data line 1968]
     36.402     7.3447    33.6119    26.2777 1.7094e-01     0.1174      0.451    1478.85   85.34338    8.24413  0.000e+00
     36.415     7.3419    33.6128    26.2789 1.7094e-01     0.1199      0.451    1478.84   85.32311    8.24265  0.000e+00
     36.427     7.3441    33.6112    26.2773 1.8315e-01     0.1186      0.447    1478.85   85.30163    8.24024  0.000e+00
     36.427     7.3494    33.6094    26.2752 2.0757e-01     0.1199      0.447    1478.87   85.27905    8.23715  0.000e+00
     36.474     7.3564    33.6056    26.2712 2.1978e-01     0.1199      0.447    1478.89   85.25621    8.23383  0.000e+00
     36.462     7.3610    33.6021    26.2678 2.3199e-01     0.1174      0.443    1478.90   85.23238    8.23086  0.000e+00
     36.487     7.3617    33.5970    26.2636 2.1978e-01     0.1162      0.447    1478.90   85.20877    8.22873  0.000e+00
     36.536     7.3540    33.5991    26.2664 2.0757e-01     0.1150      0.447    1478.88   85.24757    8.23381  0.000e+00
     36.536     7.3458    33.6025    26.2702 2.1978e-01     0.1174      0.451    1478.85   85.23824    8.23427  0.000e+00
     36.547     7.3316    33.6116    26.2794 1.9536e-01     0.1186      0.454    1478.80   85.16719    8.22958  0.000e+00
     36.572     7.3063    33.6307    26.2980 1.9536e-01     0.1199      0.458    1478.73   85.15158    8.23179  0.000e+00
     36.596     7.2809    33.6502    26.3168 1.9536e-01     0.1199      0.469    1478.66   85.13564    8.23398  0.000e+00
     36.594     7.2622    33.6631    26.3296 2.1978e-01     0.1174      0.462    1478.60   85.18026    8.24112  0.000e+00
     36.632     7.2376    33.6809    26.3470 2.1978e-01     0.1162      0.454    1478.53   85.17087    8.24388  0.000e+00
     36.643     7.1971    33.7127    26.3776 2.0757e-01     0.1150      0.447    1478.41   85.10811    8.24372  0.000e+00
     36.655     7.1663    33.7394    26.4029 3.1746e-01     0.1150      0.447    1478.33   85.09875    8.24717  0.000e+00
     36.704     7.1467    33.7590    26.4211 4.1514e-01     0.1162      0.447    1478.28   85.15055    8.25483  0.000e+00
     36.715     7.1298    33.7757    26.4365 3.6630e-01     0.1150      0.451    1478.23   85.14686    8.25674  0.000e+00
     36.741     7.1126    33.7920    26.4517 2.9304e-01     0.1162      0.451    1478.19   85.14306    8.25875  0.000e+00
     36.753     7.0967    33.8060    26.4650 2.5641e-01     0.1125      0.447    1478.14   85.13865    8.26057  0.000e+00
     36.788     7.0809    33.8191    26.4774 2.5641e-01     0.1113      0.447    1478.10   85.08002    8.25716  0.000e+00
     36.813     7.0666    33.8307    26.4886 2.4420e-01     0.1125      0.443    1478.06   85.13788    8.26486  0.000e+00
     36.824     7.0541    33.8426    26.4996 2.3199e-01     0.1101      0.440    1478.03   85.14094    8.26688  0.000e+00
     36.860     7.0418    33.8541    26.5103 2.4420e-01     0.1113      0.440    1477.99   85.14425    8.26891  0.000e+00
     36.873     7.0305    33.8652    26.5207 3.6630e-01     0.1113      0.440    1477.96   85.14721    8.27074  0.000e+00
     36.909     7.0208    33.8752    26.5299 3.5409e-01     0.1089      0.440    1477.94   85.15024    8.27233  0.000e+00
     36.920     7.0117    33.8864    26.5399 2.9304e-01     0.1077      0.436    1477.92   85.15294    8.27369  0.000e+00
     36.958     7.0033    33.8962    26.5488 2.4420e-01     0.1064      0.436    1477.90   85.15586    8.27504  0.000e+00
     36.981     6.9954    33.9074    26.5587 2.0757e-01     0.1077      0.440    1477.88   85.15855    8.27619  0.000e+00
     37.018     6.9909    33.9143    26.5648 1.9536e-01     0.1052      0.436    1477.87   85.16892    8.27768  0.000e+00
     37.016     6.9966    33.9105    26.5610 1.8315e-01     0.1052      0.440    1477.89   85.17803    8.27770  0.000e+00
     37.065     7.0036    33.9056    26.5562 1.8315e-01     0.1052      0.440    1477.91   85.18784    8.27758  0.000e+00
     37.052     7.0067    33.9076    26.5574 1.8315e-01     0.1052      0.440    1477.93   85.18987    8.27709  0.000e+00
     37.126     7.0060    33.9177    26.5654 1.7094e-01     0.1064      0.440    1477.94   85.19327    8.27700  0.000e+00
     37.150     7.0067    33.9305    26.5753 1.5873e-01     0.1064      0.440    1477.96   85.25800    8.28247  0.000e+00
     37.173     7.0090    33.9422    26.5842 1.5873e-01     0.1052      0.440    1477.98   85.27560    8.28308  0.000e+00
     37.175     7.0135    33.9505    26.5902 1.5873e-01     0.1052      0.440    1478.01   85.29272    8.28345  0.000e+00
     37.222     7.0144    33.9629    26.5999 1.5873e-01     0.1077      0.440    1478.03   85.31076    8.28436  0.000e+00
     37.235     7.0142    33.9723    26.6073 1.7094e-01     0.1077      0.440    1478.04   85.32854    8.28561  0.000e+00
     37.293     7.0160    33.9723    26.6070 1.7094e-01     0.1040      0.440    1478.05   85.33872    8.28624  0.000e+00
     37.295     7.0215    33.9624    26.5985 1.7094e-01     0.1052      0.443    1478.06   85.34753    8.28661  0.000e+00
     37.331     7.0296    33.9460    26.5844 1.7094e-01     0.1052      0.447    1478.07   85.35609    8.28678  0.000e+00
     37.365     7.0363    33.9311    26.5718 1.7094e-01     0.1077      0.447    1478.08   85.37233    8.28789  0.000e+00
     37.391     7.0405    33.9223    26.5643 1.5873e-01     0.1052      0.447    1478.08   85.44294    8.29443  0.000e+00
     37.439     7.0408    33.9226    26.5645 1.5873e-01     0.1064      0.447    1478.08   85.39713    8.28993  0.000e+00
     37.452     7.0362    33.9328    26.5731 1.5873e-01     0.1064      0.447    1478.08   85.46768    8.29709  0.000e+00
     37.486     7.0317    33.9436    26.5823 1.5873e-01     0.1052      0.447    1478.08   85.42135    8.29285  0.000e+00
     37.487     7.0298    33.9485    26.5864 1.7094e-01     0.1040      0.447    1478.08   85.42852    8.29364  0.000e+00
     37.546     7.0308    33.9482    26.5860 1.7094e-01     0.1052      0.447    1478.08   85.43565    8.29417  0.000e+00
     37.548     7.0305    33.9484    26.5862 1.5873e-01     0.1064      0.447    1478.08   85.49615    8.30009  0.000e+00
     37.619     7.0287    33.9502    26.5878 1.5873e-01     0.1064      0.443    1478.08   85.50219    8.30092  0.000e+00
     37.619     7.0271    33.9517    26.5892 1.5873e-01     0.1028      0.440    1478.07   85.50647    8.30155  0.000e+00
     37.657     7.0273    33.9508    26.5885 1.5873e-01     0.1003      0.436    1478.07   85.51001    8.30191  0.000e+00
     37.667     7.0279    33.9498    26.5877 1.5873e-01     0.1016      0.436    1478.07   85.51224    8.30207  0.000e+00
     37.717     7.0293    33.9482    26.5862 1.5873e-01     0.1040      0.436    1478.08   85.51388    8.30203  0.000e+00
     37.751     7.0305    33.9461    26.5844 1.5873e-01     0.1016      0.436    1478.08   85.51444    8.30199  0.000e+00
     37.789     7.0270    33.9586    26.5947 1.5873e-01     0.1016      0.436    1478.08   85.52251    8.30276  0.000e+00
     37.812     7.0164    33.9890    26.6201 1.5873e-01     0.1016      0.436    1478.08   85.59269    8.30992  0.000e+00
     37.838     7.0117    34.0082    26.6359 1.5873e-01     0.1016      0.436    1478.09   85.59891    8.31036  0.000e+00
     37.872     7.0162    34.0065    26.6339 1.5873e-01     0.0991      0.440    1478.10   85.60282    8.30999  0.000e+00
     37.885     7.0215    33.9958    26.6247 1.5873e-01     0.1003      0.443    1478.11   85.60514    8.30978  0.000e+00
     37.932     7.0221    33.9918    26.6215 1.5873e-01     0.1003      0.443    1478.11   85.61502    8.31084  0.000e+00
     37.981     7.0255    33.9926    26.6217 1.5873e-01     0.0967      0.447    1478.12   85.62364    8.31100  0.000e+00
     37.980     7.0285    33.9942    26.6225 1.5873e-01     0.0954      0.454    1478.14   85.62293    8.31026  0.000e+00
     38.041     7.0309    33.9936    26.6217 1.5873e-01     0.0967      0.462    1478.15   85.62175    8.30973  0.000e+00
     38.040     7.0331    33.9952    26.6227 1.7094e-01     0.0991      0.462    1478.16   85.62648    8.30967  0.000e+00
     38.102     7.0350    33.9943    26.6218 1.7094e-01     0.1016      0.458    1478.16   85.63102    8.30980  0.000e+00
     38.113     7.0383    33.9845    26.6136 1.8315e-01     0.1028      0.454    1478.16   85.63388    8.31000  0.000e+00
     38.151     7.0388    33.9842    26.6133 1.7094e-01     0.1016      0.458    1478.17   85.63644    8.31016  0.000e+00
     38.173     7.0396    33.9897    26.6175 1.7094e-01     0.1016      0.469    1478.18   85.62999    8.30907  0.000e+00
     38.199     7.0386    33.9968    26.6232 1.5873e-01     0.0967      0.469    1478.18   85.63041    8.30893  0.000e+00
     38.245     7.0376    33.9986    26.6248 1.7094e-01     0.0967      0.462    1478.18   85.56808    8.30297  0.000e+00
     38.271     7.0379    33.9943    26.6213 1.8315e-01     0.0967      0.454    1478.18   85.55922    8.30230  0.000e+00
     38.317     7.0395    33.9884    26.6165 1.7094e-01     0.0967      0.454    1478.18   85.54978    8.30138  0.000e+00
     38.330     7.0404    33.9884    26.6163 1.7094e-01     0.0967      0.454    1478.18   85.53946    8.30023  0.000e+00
     38.356     7.0401    33.9939    26.6207 1.5873e-01     0.0967      0.451    1478.19   85.46676    8.29292  0.000e+00
     38.402     7.0383    34.0093    26.6331 1.5873e-01     0.1003      0.451    1478.20   85.44863    8.29067  0.000e+00
     38.428     7.0346    34.0238    26.6450 1.5873e-01     0.1003      0.451    1478.20   85.43020    8.28880  0.000e+00
     38.450     7.0331    34.0260    26.6470 1.7094e-01     0.0991      0.447    1478.20   85.41113    8.28709  0.000e+00
     38.477     7.0314    34.0244    26.6459 1.5873e-01     0.1003      0.447    1478.19   85.39182    8.28564  0.000e+00
     38.522     7.0308    34.0224    26.6445 1.5873e-01     0.0979      0.447    1478.19   85.37229    8.28397  0.000e+00
     38.548     7.0317    34.0208    26.6431 1.5873e-01     0.0979      0.447    1478.19   85.29001    8.27589  0.000e+00
     38.558     7.0323    34.0222    26.6441 1.4652e-01     0.0979      0.447    1478.20   85.26207    8.27299  0.000e+00
     38.618     7.0326    34.0254    26.6465 1.4652e-01     0.1003      0.443    1478.20   85.24258    8.27087  0.000e+00
     38.609     7.0337    34.0270    26.6477 1.4652e-01     0.0991      0.443    1478.21   85.16053    8.26263  0.000e+00
     38.679     7.0346    34.0277    26.6481 1.5873e-01     0.0991      0.443    1478.21   85.13447    8.25988  0.000e+00
     38.680     7.0349    34.0280    26.6483 1.5873e-01     0.0991      0.447    1478.21   85.10837    8.25728  0.000e+00
     38.703     7.0354    34.0291    26.6491 1.5873e-01     0.1003      0.454    1478.22   85.02108    8.24866  0.000e+00
     38.741     7.0349    34.0311    26.6507 1.5873e-01     0.1040      0.458    1478.22   84.98948    8.24557  0.000e+00
     38.752     7.0341    34.0326    26.6520 1.5873e-01     0.1040      0.458    1478.22   84.95858    8.24266  0.000e+00
     38.788     7.0327    34.0350    26.6541 1.5873e-01     0.1016      0.458    1478.22   84.92894    8.23990  0.000e+00
     38.814     7.0320    34.0370    26.6557 1.5873e-01     0.0991      0.451    1478.22   84.90005    8.23712  0.000e+00
     38.811     7.0311    34.0409    26.6589 1.4652e-01     0.0954      0.451    1478.22   84.81765    8.22910  0.000e+00
     38.874     7.0288    34.0458    26.6631 1.4652e-01     0.0918      0.451    1478.22   84.84632    8.23204  0.000e+00
     38.859     7.0277    34.0475    26.6646 1.4652e-01     0.0918      0.451    1478.21   84.82835    8.23041  0.000e+00
     38.920     7.0301    34.0426    26.6605 1.5873e-01     0.0942      0.454    1478.22   84.80425    8.22788  0.000e+00
     38.910     7.0349    34.0334    26.6525 1.8315e-01     0.0918      0.454    1478.22   84.78010    8.22514  0.000e+00
     38.956     7.0378    34.0243    26.6450 2.0757e-01     0.0906      0.454    1478.23   84.69566    8.21689  0.000e+00
     38.959     7.0394    34.0140    26.6366 2.0757e-01     0.0893      0.454    1478.22   84.73651    8.22111  0.000e+00
     38.992     7.0408    34.0058    26.6300 1.8315e-01     0.0881      0.454    1478.21   84.72448    8.22013  0.000e+00
     39.016     7.0423    34.0024    26.6271 1.7094e-01     0.0906      0.451    1478.22   84.65158    8.21296  0.000e+00
     39.019     7.0441    34.0017    26.6263 1.7094e-01     0.0918      0.451    1478.22   84.63449    8.21100  0.000e+00
     39.040     7.0455    34.0040    26.6279 1.7094e-01     0.0918      0.451    1478.23   84.61919    8.20913  0.000e+00
     39.080     7.0455    34.0121    26.6343 1.7094e-01     0.0930      0.454    1478.24   84.60579    8.20738  0.000e+00
     39.065     7.0460    34.0258    26.6450 1.7094e-01     0.0930      0.451    1478.26   84.59333    8.20534  0.000e+00
     39.101     7.0453    34.0418    26.6577 1.7094e-01     0.0930      0.451    1478.28   84.58309    8.20361  0.000e+00
     39.115     7.0448    34.0477    26.6624 1.5873e-01     0.0930      0.447    1478.28   84.58204    8.20329  0.000e+00
     39.125     7.0439    34.0427    26.6586 1.5873e-01     0.0918      0.451    1478.27   84.58286    8.20381  0.000e+00
     39.163     7.0420    34.0329    26.6512 1.5873e-01     0.0918      0.454    1478.26   84.58595    8.20500  0.000e+00
     39.172     7.0388    34.0244    26.6449 1.5873e-01     0.0918      0.454    1478.23   84.59074    8.20651  0.000e+00
     39.172     7.0369    34.0199    26.6416 1.7094e-01     0.0906      0.454    1478.22   84.59721    8.20776  0.000e+00
     39.200     7.0367    34.0187    26.6407 1.7094e-01     0.0930      0.458    1478.22   84.66772    8.21469  0.000e+00
     39.208     7.0374    34.0190    26.6408 1.7094e-01     0.0942      0.458    1478.22   84.62301    8.21020  0.000e+00
     39.197     7.0397    34.0177    26.6395 1.5873e-01     0.0942      0.458    1478.23   84.69633    8.21696  0.000e+00
     39.236     7.0421    34.0184    26.6397 1.5873e-01     0.0954      0.462    1478.24   84.71728    8.21849  0.000e+00
     39.257     7.0560    34.0142    26.6345 1.5873e-01     0.0967      0.458    1478.29   84.73852    8.21817  0.000e+00
     39.269     7.0802    34.0002    26.6201 1.5873e-01     0.0979      0.458    1478.36   84.76022    8.21648  0.000e+00
     39.272     7.1013    33.9825    26.6033 1.8315e-01     0.0967      0.469    1478.42   84.78366    8.21573  0.000e+00
     39.293     7.1144    33.9698    26.5915 1.8315e-01     0.0954      0.465    1478.46   84.80958    8.21645  0.000e+00
     39.296     7.1256    33.9586    26.5811 1.7094e-01     0.0967      0.458    1478.49   84.83703    8.21761  0.000e+00
     39.306     7.1323    33.9524    26.5753 1.7094e-01     0.0954      0.454    1478.51   84.92069    8.22479  0.000e+00
     39.317     7.1350    33.9506    26.5736 1.5873e-01     0.0967      0.451    1478.52   84.95122    8.22735  0.000e+00
     39.332     7.1291    33.9554    26.5781 1.5873e-01     0.0967      0.447    1478.50   84.98358    8.23132  0.000e+00
     39.353     7.1233    33.9600    26.5826 1.5873e-01     0.0954      0.443    1478.48   84.95498    8.22941  0.000e+00
     39.353     7.1304    33.9532    26.5762 1.5873e-01     0.0954      0.440    1478.50   84.97271    8.23015  0.000e+00
     39.368     7.1174    33.9644    26.5868 1.5873e-01     0.0942      0.440    1478.47   85.05563    8.24003  0.000e+00
     39.378     7.1239    33.9581    26.5809 1.4652e-01     0.0918      0.443    1478.48   85.08260    8.24175  0.000e+00
     39.378     7.1406    33.9447    26.5681 1.5873e-01     0.0893      0.443    1478.53   85.10898    8.24188  0.000e+00
     39.417     7.1496    33.9402    26.5633 1.4652e-01     0.0893      0.443    1478.56   85.13723    8.24318  0.000e+00
     39.402     7.1650    33.9298    26.5530 1.5873e-01     0.0918      0.451    1478.61   85.10280    8.23750  0.000e+00
