Rawdata/2018_07_17/VT3_20180718_down.cnv
* Sea-Bird SBE 9 Data File:
* FileName = C:\CTD Brukere\NIVA\OKOKYST2018\2018_07_17\VT3_20180718.hdr
* Software Version Seasave V 7.21f
* Temperature SN = 5352
* Conductivity SN = 3840
* Number of Bytes Per Scan = 28
* Number of Voltage Words = 4
* Number of Scans Averaged by the Deck Unit = 1
* NMEA baud rate = 4800
** Ship: R/V Trygve Braarud
** Cruise:
** Station:
** Operator:
# nquan = 11
# nvalues = 20432                                 
# units = specified
# name 0 = depSM: Depth [salt water, m], lat = 0.00
# name 1 = t090C: Temperature [ITS-90, deg C]
# name 2 = sal00: Salinity, Practical [PSU]
# name 3 = sigma-t00: Density [sigma-t, Kg/m^3 ]
# name 4 = flSP: Fluorescence, Seapoint
# name 5 = wetStar: Fluorescence, WET Labs WETstar [mg/m^3]
# name 6 = seaTurbMtr: Turbidity, Seapoint [FTU]
# name 7 = svCM: Sound Velocity [Chen-Millero, m/s]
# name 8 = sbeox0PS: Oxygen, SBE 43 [% saturation]
# name 9 = sbeox0Mg/L: Oxygen, SBE 43 [mg/l]
# name 10 = flag:  0.000e+00
# span 0 =     -0.095,    451.265                 
# span 1 =     6.5153,    21.5953                 
# span 2 =    24.6204,    35.0022                 
# span 3 =    16.4629,    27.4869                 
# span 4 = 1.2210e-01, 2.9060e+00                 
# span 5 =     0.0075,     0.3470                 
# span 6 =      0.432,     14.256                 
# span 7 =    1477.87,    1514.55                 
# span 8 =   75.74190,  109.49369                 
# span 9 =    5.78376,    9.15311                 
# span 10 = 0.0000e+00, 0.0000e+00                
# interval = seconds: 0.0416667
# start_time = Jul 18 2018 10:12:52 [System UTC, first data scan.]
# bad_flag = -9.990e-29
*END*
[from data line 17705]
    409.998     6.5207    34.9985    27.4833 1.4652e-01     0.1858      0.700    1483.57   81.71799    7.97151  0.000e+00
    410.010     6.5207    34.9986    27.4833 1.4652e-01     0.1870      0.692    1483.57   81.71594    7.97131  0.000e+00
    410.042     6.5209    34.9986    27.4833 1.4652e-01     0.1858      0.692    1483.57   81.71407    7.97109  0.000e+00
    410.049     6.5208    34.9987    27.4834 1.4652e-01     0.1846      0.700    1483.57   81.71197    7.97089  0.000e+00
    410.074     6.5210    34.9983    27.4831 1.3431e-01     0.1821      0.696    1483.57   81.71003    7.97069  0.000e+00
    410.113     6.5209    34.9985    27.4833 1.3431e-01     0.1834      0.692    1483.58   81.70828    7.97053  0.000e+00
    410.126     6.5207    34.9986    27.4833 1.4652e-01     0.1846      0.689    1483.57   81.70627    7.97037  0.000e+00
    410.138     6.5207    34.9987    27.4834 1.4652e-01     0.1846      0.685    1483.58   81.70421    7.97016  0.000e+00
    410.163     6.5208    34.9984    27.4832 1.3431e-01     0.1870      0.681    1483.58   81.70228    7.96996  0.000e+00
    410.202     6.5207    34.9985    27.4832 1.4652e-01     0.1895      0.681    1483.58   81.70052    7.96981  0.000e+00
    410.215     6.5207    34.9987    27.4834 1.3431e-01     0.1858      0.681    1483.58   81.69849    7.96960  0.000e+00
    410.234     6.5207    34.9990    27.4837 1.4652e-01     0.1882      0.692    1483.58   81.69651    7.96939  0.000e+00
    410.266     6.5207    34.9988    27.4835 1.4652e-01     0.1907      0.711    1483.58   81.69466    7.96921  0.000e+00
    410.291     6.5207    34.9985    27.4833 1.4652e-01     0.1919      0.725    1483.58   81.69275    7.96905  0.000e+00
    410.304     6.5208    34.9985    27.4832 1.4652e-01     0.1895      0.725    1483.58   81.69069    7.96882  0.000e+00
    410.343     6.5206    34.9988    27.4835 1.4652e-01     0.1895      0.736    1483.58   81.68896    7.96869  0.000e+00
    410.343     6.5207    34.9987    27.4834 1.4652e-01     0.1870      0.762    1483.58   81.68676    7.96846  0.000e+00
    410.380     6.5207    34.9982    27.4830 1.4652e-01     0.1846      0.773    1483.58   81.68497    7.96831  0.000e+00
    410.405     6.5207    34.9982    27.4830 1.3431e-01     0.1834      0.762    1483.58   81.68305    7.96811  0.000e+00
    410.425     6.5207    34.9988    27.4835 1.4652e-01     0.1870      0.747    1483.58   81.68109    7.96790  0.000e+00
    410.444     6.5207    34.9988    27.4835 1.4652e-01     0.1870      0.740    1483.58   81.67911    7.96771  0.000e+00
    410.457     6.5207    34.9990    27.4836 1.4652e-01     0.1870      0.747    1483.58   81.68618    7.96839  0.000e+00
    410.482     6.5207    34.9987    27.4834 1.4652e-01     0.1846      0.747    1483.58   81.68462    7.96824  0.000e+00
    410.507     6.5207    34.9989    27.4836 1.4652e-01     0.1846      0.758    1483.58   81.68308    7.96809  0.000e+00
    410.533     6.5207    34.9988    27.4834 1.4652e-01     0.1858      0.810    1483.58   81.68153    7.96795  0.000e+00
    410.546     6.5210    34.9983    27.4830 1.4652e-01     0.1834      0.872    1483.58   81.67981    7.96774  0.000e+00
    410.590     6.5214    34.9983    27.4830 1.4652e-01     0.1858      0.883    1483.58   81.67841    7.96755  0.000e+00
    410.597     6.5212    34.9984    27.4831 1.4652e-01     0.1858      0.861    1483.58   81.67669    7.96740  0.000e+00
    410.623     6.5212    34.9982    27.4829 1.4652e-01     0.1870      0.835    1483.58   81.68427    7.96815  0.000e+00
    410.649     6.5214    34.9985    27.4831 1.3431e-01     0.1895      0.806    1483.59   81.69217    7.96888  0.000e+00
    410.660     6.5212    34.9986    27.4832 1.4652e-01     0.1895      0.780    1483.59   81.70033    7.96970  0.000e+00
    410.674     6.5214    34.9982    27.4829 1.4652e-01     0.1882      0.755    1483.59   81.70884    7.97052  0.000e+00
    410.717     6.5207    34.9989    27.4835 1.4652e-01     0.1882      0.733    1483.59   81.70903    7.97061  0.000e+00
    410.738     6.5208    34.9884    27.4753 1.4652e-01     0.1870      0.711    1483.57   81.70887    7.97113  0.000e+00
    410.763     6.5208    34.9856    27.4730 1.4652e-01     0.1858      0.703    1483.57   81.77488    7.97772  0.000e+00
    410.776     6.5207    34.9956    27.4809 1.4652e-01     0.1858      0.711    1483.58   81.78306    7.97801  0.000e+00
    410.813     6.5208    34.9987    27.4834 1.4652e-01     0.1846      0.744    1483.59   81.72499    7.97216  0.000e+00
    410.827     6.5207    34.9986    27.4833 1.4652e-01     0.1834      0.762    1483.59   81.72406    7.97210  0.000e+00
    410.859     6.5209    34.9986    27.4833 1.4652e-01     0.1846      0.766    1483.59   81.72329    7.97199  0.000e+00
    410.865     6.5207    34.9988    27.4835 1.4652e-01     0.1870      0.773    1483.59   81.73141    7.97281  0.000e+00
    410.890     6.5207    34.9991    27.4837 1.4652e-01     0.1882      0.766    1483.59   81.73095    7.97275  0.000e+00
    410.916     6.5207    34.9984    27.4831 1.4652e-01     0.1870      0.755    1483.59   81.73049    7.97273  0.000e+00
    410.941     6.5208    34.9985    27.4832 1.3431e-01     0.1858      0.744    1483.59   81.79612    7.97911  0.000e+00
    410.959     6.5208    34.9986    27.4833 1.3431e-01     0.1870      0.733    1483.59   81.80398    7.97987  0.000e+00
    410.993     6.5208    34.9986    27.4833 1.3431e-01     0.1870      0.718    1483.59   81.81162    7.98061  0.000e+00
    410.993     6.5209    34.9987    27.4833 1.4652e-01     0.1870      0.707    1483.59   81.75244    7.97483  0.000e+00
    411.030     6.5212    34.9980    27.4828 1.4652e-01     0.1870      0.707    1483.59   81.81708    7.98112  0.000e+00
    411.057     6.5208    34.9985    27.4832 1.4652e-01     0.1858      0.707    1483.59   81.75787    7.97538  0.000e+00
    411.048     6.5210    34.9984    27.4831 1.4652e-01     0.1846      0.703    1483.59   81.82168    7.98157  0.000e+00
    411.094     6.5210    34.9985    27.4832 1.4652e-01     0.1846      0.707    1483.59   81.82837    7.98223  0.000e+00
    411.107     6.5210    34.9987    27.4834 1.4652e-01     0.1858      0.707    1483.59   81.83435    7.98280  0.000e+00
    411.132     6.5209    34.9991    27.4837 1.4652e-01     0.1846      0.696    1483.59   81.84010    7.98336  0.000e+00
    411.158     6.5210    34.9988    27.4834 1.4652e-01     0.1846      0.689    1483.59   81.77935    7.97743  0.000e+00
    411.176     6.5212    34.9983    27.4830 1.4652e-01     0.1846      0.689    1483.59   81.77588    7.97708  0.000e+00
    411.184     6.5212    34.9985    27.4831 1.3431e-01     0.1846      0.685    1483.59   81.77233    7.97673  0.000e+00
    411.210     6.5212    34.9982    27.4829 1.3431e-01     0.1846      0.692    1483.59   81.83507    7.98286  0.000e+00
    411.248     6.5212    34.9984    27.4831 1.3431e-01     0.1846      0.725    1483.60   81.84022    7.98335  0.000e+00
    411.248     6.5214    34.9986    27.4832 1.3431e-01     0.1870      0.780    1483.60   81.84458    7.98374  0.000e+00
    411.279     6.5214    34.9987    27.4833 1.3431e-01     0.1907      0.813    1483.60   81.84891    7.98415  0.000e+00
    411.299     6.5212    34.9991    27.4836 1.3431e-01     0.1907      0.810    1483.60   81.85280    7.98454  0.000e+00
    411.324     6.5208    34.9990    27.4836 1.4652e-01     0.1882      0.799    1483.60   81.79029    7.97851  0.000e+00
    411.337     6.5209    34.9986    27.4833 1.4652e-01     0.1858      0.784    1483.60   81.85108    7.98446  0.000e+00
    411.368     6.5208    34.9987    27.4834 1.4652e-01     0.1870      0.780    1483.60   81.85433    7.98478  0.000e+00
    411.374     6.5210    34.9983    27.4830 1.4652e-01     0.1858      0.773    1483.60   81.79082    7.97858  0.000e+00
    411.401     6.5203    34.9990    27.4837 1.4652e-01     0.1870      0.762    1483.59   81.85113    7.98455  0.000e+00
    411.426     6.5202    34.9988    27.4835 1.4652e-01     0.1846      0.744    1483.59   81.85360    7.98481  0.000e+00
    411.457     6.5202    34.9989    27.4836 1.4652e-01     0.1882      0.729    1483.60   81.85575    7.98502  0.000e+00
    411.465     6.5201    34.9986    27.4834 1.4652e-01     0.1870      0.718    1483.59   81.85732    7.98521  0.000e+00
    411.490     6.5203    34.9988    27.4836 1.4652e-01     0.1882      0.711    1483.60   81.85866    7.98530  0.000e+00
    411.502     6.5202    34.9991    27.4838 1.4652e-01     0.1882      0.707    1483.60   81.79341    7.97893  0.000e+00
    411.534     6.5204    34.9985    27.4833 1.4652e-01     0.1895      0.711    1483.60   81.85183    7.98463  0.000e+00
    411.554     6.5201    34.9987    27.4835 1.4652e-01     0.1895      0.722    1483.60   81.85245    7.98473  0.000e+00
    411.566     6.5202    34.9989    27.4836 1.4652e-01     0.1870      0.729    1483.60   81.78646    7.97826  0.000e+00
    411.591     6.5202    34.9987    27.4835 1.3431e-01     0.1882      0.777    1483.60   81.84409    7.98389  0.000e+00
    411.623     6.5199    34.9986    27.4834 1.4652e-01     0.1895      0.821    1483.60   81.77800    7.97751  0.000e+00
    411.618     6.5199    34.9988    27.4836 1.4652e-01     0.1882      0.802    1483.60   81.83496    7.98305  0.000e+00
    411.668     6.5199    34.9986    27.4834 1.4652e-01     0.1895      0.769    1483.60   81.83477    7.98304  0.000e+00
    411.682     6.5201    34.9985    27.4834 1.4652e-01     0.1895      0.755    1483.60   81.83380    7.98291  0.000e+00
    411.712     6.5199    34.9985    27.4834 1.4652e-01     0.1882      0.751    1483.60   81.83269    7.98284  0.000e+00
    411.719     6.5201    34.9986    27.4834 1.4652e-01     0.1882      0.758    1483.60   81.83093    7.98264  0.000e+00
    411.746     6.5198    34.9987    27.4836 1.4652e-01     0.1870      0.755    1483.60   81.82908    7.98251  0.000e+00
    411.771     6.5199    34.9987    27.4835 1.4652e-01     0.1870      0.736    1483.60   81.82678    7.98226  0.000e+00
    411.801     6.5199    34.9988    27.4836 1.4652e-01     0.1858      0.729    1483.60   81.75807    7.97555  0.000e+00
    411.809     6.5198    34.9989    27.4837 1.4652e-01     0.1870      0.729    1483.60   81.82175    7.98179  0.000e+00
    411.835     6.5196    34.9989    27.4837 1.4652e-01     0.1907      0.725    1483.60   81.82824    7.98245  0.000e+00
    411.860     6.5194    34.9992    27.4840 1.4652e-01     0.1931      0.722    1483.60   81.82563    7.98222  0.000e+00
    411.890     6.5196    34.9988    27.4836 1.4652e-01     0.1943      0.718    1483.60   81.82265    7.98192  0.000e+00
    411.898     6.5195    34.9988    27.4837 1.4652e-01     0.1931      0.718    1483.60   81.75300    7.97514  0.000e+00
    411.935     6.5194    34.9992    27.4839 1.4652e-01     0.1882      0.718    1483.60   81.74101    7.97396  0.000e+00
    411.954     6.5196    34.9986    27.4835 1.4652e-01     0.1846      0.711    1483.60   81.79492    7.97922  0.000e+00
    411.962     6.5196    34.9988    27.4836 1.4652e-01     0.1834      0.700    1483.60   81.72488    7.97237  0.000e+00
    412.013     6.5196    34.9990    27.4838 1.4652e-01     0.1846      0.689    1483.60   81.78790    7.97851  0.000e+00
    412.013     6.5194    34.9993    27.4840 1.3431e-01     0.1834      0.685    1483.60   81.79303    7.97903  0.000e+00
    412.031     6.5196    34.9988    27.4836 1.3431e-01     0.1846      0.678    1483.60   81.73219    7.97309  0.000e+00
    412.077     6.5195    34.9990    27.4838 1.3431e-01     0.1882      0.674    1483.60   81.72030    7.97194  0.000e+00
    412.090     6.5196    34.9996    27.4843 1.4652e-01     0.1882      0.674    1483.60   81.78327    7.97803  0.000e+00
    412.107     6.5198    34.9990    27.4837 1.4652e-01     0.1882      0.670    1483.60   81.77978    7.97769  0.000e+00
    412.140     6.5196    34.9990    27.4838 1.4652e-01     0.1870      0.670    1483.60   81.71915    7.97180  0.000e+00
    412.154     6.5199    34.9983    27.4832 1.4652e-01     0.1870      0.678    1483.60   81.71598    7.97147  0.000e+00
    412.171     6.5196    34.9992    27.4840 1.4652e-01     0.1870      0.692    1483.60   81.77941    7.97768  0.000e+00
    412.204     6.5195    34.9995    27.4842 1.3431e-01     0.1882      0.707    1483.61   81.71950    7.97184  0.000e+00
    412.229     6.5196    34.9988    27.4836 1.4652e-01     0.1895      0.703    1483.61   81.70809    7.97074  0.000e+00
    412.235     6.5196    34.9988    27.4837 1.3431e-01     0.1870      0.700    1483.61   81.76261    7.97606  0.000e+00
    412.268     6.5196    34.9986    27.4835 1.4652e-01     0.1858      0.703    1483.61   81.69356    7.96932  0.000e+00
    412.293     6.5194    34.9988    27.4836 1.4652e-01     0.1858      0.700    1483.61   81.69095    7.96910  0.000e+00
    412.307     6.5196    34.9988    27.4836 1.4652e-01     0.1870      0.703    1483.61   81.68852    7.96883  0.000e+00
    412.324     6.5194    34.9990    27.4838 1.4652e-01     0.1895      0.703    1483.61   81.68654    7.96866  0.000e+00
    412.371     6.5192    34.9993    27.4841 1.3431e-01     0.1870      0.707    1483.61   81.68525    7.96856  0.000e+00
    412.371     6.5193    34.9990    27.4838 1.4652e-01     0.1858      0.707    1483.61   81.68379    7.96842  0.000e+00
    412.413     6.5193    34.9986    27.4835 1.4652e-01     0.1882      0.707    1483.61   81.67403    7.96749  0.000e+00
    412.421     6.5193    34.9989    27.4837 1.4652e-01     0.1882      0.700    1483.61   81.67302    7.96736  0.000e+00
    412.460     6.5193    34.9989    27.4838 1.4652e-01     0.1834      0.696    1483.61   81.67272    7.96734  0.000e+00
    412.465     6.5193    34.9988    27.4837 1.4652e-01     0.1834      0.692    1483.61   81.66330    7.96643  0.000e+00
    412.485     6.5193    34.9988    27.4837 1.4652e-01     0.1846      0.696    1483.61   81.66314    7.96641  0.000e+00
    412.510     6.5190    34.9993    27.4841 1.4652e-01     0.1846      0.707    1483.61   81.66346    7.96647  0.000e+00
    412.540     6.5191    34.9988    27.4837 1.4652e-01     0.1834      0.832    1483.61   81.66413    7.96654  0.000e+00
    412.549     6.5190    34.9989    27.4838 1.3431e-01     0.1846      1.029    1483.61   81.66497    7.96663  0.000e+00
    412.579     6.5190    34.9991    27.4839 1.3431e-01     0.1834      1.081    1483.61   81.66640    7.96677  0.000e+00
    412.599     6.5191    34.9989    27.4837 1.4652e-01     0.1846      1.059    1483.61   81.65894    7.96603  0.000e+00
    412.613     6.5192    34.9986    27.4835 1.3431e-01     0.1834      1.022    1483.61   81.66054    7.96619  0.000e+00
    412.643     6.5190    34.9989    27.4838 1.3431e-01     0.1809      0.960    1483.61   81.66271    7.96642  0.000e+00
    412.651     6.5188    34.9992    27.4841 1.4652e-01     0.1809      0.897    1483.61   81.72203    7.97222  0.000e+00
    412.702     6.5190    34.9992    27.4841 1.4652e-01     0.1834      0.886    1483.61   81.66699    7.96682  0.000e+00
    412.693     6.5190    34.9985    27.4835 1.4652e-01     0.1821      0.930    1483.61   81.65997    7.96617  0.000e+00
    412.727     6.5191    34.9989    27.4838 1.4652e-01     0.1809      0.894    1483.61   81.72864    7.97282  0.000e+00
    412.740     6.5194    34.9989    27.4837 1.4652e-01     0.1821      0.824    1483.61   81.67355    7.96740  0.000e+00
    412.770     6.5192    34.9991    27.4839 1.4652e-01     0.1834      0.777    1483.61   81.67647    7.96772  0.000e+00
    412.779     6.5191    34.9991    27.4839 1.4652e-01     0.1834      0.747    1483.61   81.67948    7.96802  0.000e+00
    412.804     6.5190    34.9988    27.4837 1.4652e-01     0.1834      0.725    1483.61   81.68306    7.96841  0.000e+00
    412.834     6.5192    34.9989    27.4838 1.4652e-01     0.1834      0.714    1483.61   81.68700    7.96875  0.000e+00
    412.854     6.5191    34.9991    27.4839 1.4652e-01     0.1821      0.703    1483.61   81.75737    7.97562  0.000e+00
