Rawdata/2018_07_17/VT3_20180718_down.cnv
* Sea-Bird SBE 9 Data File:
* FileName = C:\CTD Brukere\NIVA\OKOKYST2018\2018_07_17\VT3_20180718.hdr
* Software Version Seasave V 7.21f
* Temperature SN = 5352
* Conductivity SN = 3840
* Number of Bytes Per Scan = 28
* Number of Voltage Words = 4
* Number of Scans Averaged by the Deck Unit = 1
* NMEA baud rate = 4800
** Ship: R/V Trygve Braarud
** Cruise:
** Station:
** Operator:
# nquan = 11
# nvalues = 20432                                 
# units = specified
# name 0 = depSM: Depth [salt water, m], lat = 0.00
# name 1 = t090C: Temperature [ITS-90, deg C]
# name 2 = sal00: Salinity, Practical [PSU]
# name 3 = sigma-t00: Density [sigma-t, Kg/m^3 ]
# name 4 = flSP: Fluorescence, Seapoint
# name 5 = wetStar: Fluorescence, WET Labs WETstar [mg/m^3]
# name 6 = seaTurbMtr: Turbidity, Seapoint [FTU]
# name 7 = svCM: Sound Velocity [Chen-Millero, m/s]
# name 8 = sbeox0PS: Oxygen, SBE 43 [% saturation]
# name 9 = sbeox0Mg/L: Oxygen, SBE 43 [mg/l]
# name 10 = flag:  0.000e+00
# span 0 =     -0.095,    451.265                 
# span 1 =     6.5153,    21.5953                 
# span 2 =    24.6204,    35.0022                 
# span 3 =    16.4629,    27.4869                 
# span 4 = 1.2210e-01, 2.9060e+00                 
# span 5 =     0.0075,     0.3470                 
# span 6 =      0.432,     14.256                 
# span 7 =    1477.87,    1514.55                 
# span 8 =   75.74190,  109.49369                 
# span 9 =    5.78376,    9.15311                 
# span 10 = 0.0000e+00, 0.0000e+00                
# interval = seconds: 0.0416667
# start_time = Jul 18 2018 10:12:52 [System UTC, first data scan.]
# bad_flag = -9.990e-29
*END*
[from data line 16525]
    384.062     6.5272    34.9979    27.4819 1.3431e-01     0.1882      0.795    1483.17   82.02941    8.00073  0.000e+00
    384.075     6.5272    34.9980    27.4819 1.3431e-01     0.1882      0.799    1483.17   82.02703    8.00049  0.000e+00
    384.112     6.5273    34.9977    27.4817 1.4652e-01     0.1895      0.784    1483.17   82.02452    8.00023  0.000e+00
    384.099     6.5274    34.9976    27.4816 1.4652e-01     0.1882      0.766    1483.17   82.02112    7.99989  0.000e+00
    384.139     6.5272    34.9981    27.4820 1.4652e-01     0.1882      0.747    1483.17   82.08380    8.00602  0.000e+00
    384.176     6.5272    34.9979    27.4819 1.4652e-01     0.1895      0.736    1483.17   82.02271    8.00007  0.000e+00
    384.176     6.5270    34.9982    27.4822 1.4652e-01     0.1870      0.722    1483.17   82.01804    7.99963  0.000e+00
    384.201     6.5271    34.9977    27.4817 1.3431e-01     0.1846      0.707    1483.17   82.07907    8.00559  0.000e+00
    384.226     6.5272    34.9975    27.4816 1.4652e-01     0.1882      0.700    1483.17   82.01640    7.99948  0.000e+00
    384.253     6.5272    34.9981    27.4821 1.4652e-01     0.1870      0.692    1483.17   82.01056    7.99888  0.000e+00
    384.276     6.5273    34.9975    27.4816 1.4652e-01     0.1870      0.692    1483.17   82.01333    7.99916  0.000e+00
    384.317     6.5270    34.9981    27.4820 1.4652e-01     0.1870      0.714    1483.17   82.00730    7.99859  0.000e+00
    384.328     6.5273    34.9971    27.4813 1.4652e-01     0.1882      0.755    1483.17   82.06634    8.00434  0.000e+00
    384.353     6.5273    34.9979    27.4819 1.4652e-01     0.1870      0.795    1483.17   82.00188    7.99802  0.000e+00
    384.380     6.5271    34.9977    27.4817 1.4652e-01     0.1870      0.824    1483.17   81.99426    7.99732  0.000e+00
    384.404     6.5270    34.9980    27.4820 1.4652e-01     0.1870      0.824    1483.17   82.06106    8.00384  0.000e+00
    384.431     6.5272    34.9978    27.4818 1.4652e-01     0.1895      0.824    1483.17   82.06133    8.00385  0.000e+00
    384.442     6.5270    34.9981    27.4821 1.3431e-01     0.1895      0.824    1483.17   82.06077    8.00381  0.000e+00
    384.481     6.5272    34.9980    27.4819 1.4652e-01     0.1882      0.817    1483.17   82.00292    7.99814  0.000e+00
    384.506     6.5273    34.9976    27.4816 1.4652e-01     0.1882      0.806    1483.17   81.99306    7.99717  0.000e+00
    384.531     6.5272    34.9977    27.4817 1.4652e-01     0.1895      0.780    1483.17   82.05773    8.00350  0.000e+00
    384.570     6.5273    34.9977    27.4818 1.4652e-01     0.1895      0.762    1483.18   81.99918    7.99777  0.000e+00
    384.583     6.5273    34.9978    27.4818 1.3431e-01     0.1870      0.751    1483.18   82.06333    8.00401  0.000e+00
    384.595     6.5273    34.9978    27.4818 1.4652e-01     0.1858      0.740    1483.18   82.06093    8.00378  0.000e+00
    384.622     6.5273    34.9979    27.4818 1.3431e-01     0.1846      0.733    1483.18   82.06701    8.00438  0.000e+00
    384.659     6.5272    34.9979    27.4819 1.4652e-01     0.1846      0.725    1483.18   82.07284    8.00496  0.000e+00
    384.695     6.5272    34.9979    27.4819 1.3431e-01     0.1846      0.722    1483.18   82.07829    8.00550  0.000e+00
    384.711     6.5272    34.9981    27.4821 1.3431e-01     0.1846      0.718    1483.18   82.08315    8.00596  0.000e+00
    384.721     6.5273    34.9979    27.4819 1.4652e-01     0.1821      0.736    1483.18   82.08758    8.00638  0.000e+00
    384.747     6.5273    34.9975    27.4815 1.4652e-01     0.1834      0.751    1483.18   82.02602    8.00039  0.000e+00
    384.786     6.5273    34.9981    27.4820 1.4652e-01     0.1834      0.740    1483.18   82.08756    8.00636  0.000e+00
    384.809     6.5271    34.9983    27.4822 1.3431e-01     0.1858      0.722    1483.18   82.09146    8.00677  0.000e+00
    384.836     6.5275    34.9976    27.4816 1.3431e-01     0.1846      0.711    1483.18   82.09494    8.00707  0.000e+00
    384.863     6.5273    34.9979    27.4819 1.4652e-01     0.1834      0.707    1483.18   82.09815    8.00740  0.000e+00
    384.887     6.5273    34.9979    27.4819 1.4652e-01     0.1846      0.711    1483.18   82.09190    8.00679  0.000e+00
    384.912     6.5274    34.9978    27.4818 1.3431e-01     0.1858      0.725    1483.18   82.02815    8.00056  0.000e+00
    384.939     6.5277    34.9973    27.4814 1.4652e-01     0.1882      0.722    1483.18   82.02154    7.99989  0.000e+00
    384.950     6.5272    34.9980    27.4820 1.4652e-01     0.1870      0.733    1483.18   82.08070    8.00572  0.000e+00
    384.989     6.5274    34.9981    27.4820 1.4652e-01     0.1870      0.744    1483.18   82.01671    7.99943  0.000e+00
    385.002     6.5273    34.9977    27.4818 1.4652e-01     0.1870      0.740    1483.18   82.07547    8.00520  0.000e+00
    385.039     6.5273    34.9978    27.4818 1.4652e-01     0.1907      0.744    1483.18   82.01113    7.99892  0.000e+00
    385.064     6.5277    34.9973    27.4813 1.4652e-01     0.1895      0.755    1483.18   82.00377    7.99816  0.000e+00
    385.078     6.5277    34.9974    27.4814 1.4652e-01     0.1882      0.755    1483.19   81.99632    7.99742  0.000e+00
    385.115     6.5273    34.9978    27.4818 1.4652e-01     0.1882      0.758    1483.18   81.98919    7.99678  0.000e+00
    385.115     6.5272    34.9980    27.4820 1.4652e-01     0.1870      0.744    1483.18   82.04746    8.00248  0.000e+00
    385.141     6.5276    34.9974    27.4814 1.4652e-01     0.1870      0.725    1483.19   81.98259    7.99611  0.000e+00
    385.178     6.5273    34.9977    27.4817 1.4652e-01     0.1870      0.718    1483.19   81.97508    7.99541  0.000e+00
    385.203     6.5273    34.9978    27.4818 1.4652e-01     0.1895      0.714    1483.19   82.03324    8.00108  0.000e+00
    385.217     6.5273    34.9981    27.4820 1.4652e-01     0.1870      0.711    1483.19   81.96792    7.99469  0.000e+00
    385.230     6.5274    34.9978    27.4818 1.4652e-01     0.1882      0.711    1483.19   81.95975    7.99389  0.000e+00
    385.267     6.5277    34.9979    27.4819 1.4652e-01     0.1882      0.707    1483.19   81.95180    7.99306  0.000e+00
    385.292     6.5272    34.9980    27.4820 1.4652e-01     0.1895      0.707    1483.19   81.94384    7.99237  0.000e+00
    385.321     6.5274    34.9976    27.4816 1.4652e-01     0.1907      0.707    1483.19   81.93580    7.99156  0.000e+00
    385.331     6.5273    34.9978    27.4818 1.4652e-01     0.1895      0.711    1483.19   81.93665    7.99166  0.000e+00
    385.356     6.5275    34.9978    27.4818 1.3431e-01     0.1858      0.707    1483.19   81.92895    7.99087  0.000e+00
    385.383     6.5275    34.9976    27.4816 1.3431e-01     0.1858      0.707    1483.19   81.92130    7.99013  0.000e+00
    385.395     6.5276    34.9974    27.4815 1.3431e-01     0.1870      0.729    1483.19   81.92250    7.99025  0.000e+00
    385.408     6.5275    34.9980    27.4819 1.3431e-01     0.1882      0.751    1483.19   81.91507    7.98950  0.000e+00
    385.433     6.5275    34.9977    27.4817 1.3431e-01     0.1907      0.744    1483.19   81.90776    7.98881  0.000e+00
    385.460     6.5277    34.9973    27.4814 1.4652e-01     0.1907      0.725    1483.19   81.90044    7.98808  0.000e+00
    385.483     6.5273    34.9979    27.4819 1.4652e-01     0.1895      0.718    1483.19   81.89316    7.98741  0.000e+00
    385.497     6.5272    34.9979    27.4819 1.4652e-01     0.1895      0.714    1483.19   81.89478    7.98759  0.000e+00
    385.524     6.5272    34.9976    27.4816 1.4652e-01     0.1895      0.711    1483.19   81.88784    7.98694  0.000e+00
    385.534     6.5273    34.9976    27.4817 1.4652e-01     0.1882      0.711    1483.19   81.88072    7.98622  0.000e+00
    385.559     6.5275    34.9977    27.4817 1.4652e-01     0.1882      0.707    1483.19   81.88276    7.98637  0.000e+00
    385.586     6.5275    34.9975    27.4816 1.4652e-01     0.1870      0.714    1483.19   81.88522    7.98662  0.000e+00
    385.599     6.5276    34.9974    27.4814 1.5873e-01     0.1870      0.714    1483.19   81.88789    7.98687  0.000e+00
    385.611     6.5275    34.9976    27.4817 1.7094e-01     0.1882      0.707    1483.19   81.88188    7.98629  0.000e+00
    385.636     6.5277    34.9975    27.4816 1.8315e-01     0.1870      0.711    1483.19   81.87599    7.98569  0.000e+00
    385.648     6.5277    34.9978    27.4818 1.7094e-01     0.1846      0.736    1483.20   81.87901    7.98597  0.000e+00
    385.688     6.5273    34.9984    27.4822 1.5873e-01     0.1846      0.755    1483.19   81.80789    7.97908  0.000e+00
    385.700     6.5273    34.9977    27.4818 1.4652e-01     0.1846      0.744    1483.19   81.80296    7.97862  0.000e+00
    385.711     6.5279    34.9973    27.4813 1.4652e-01     0.1834      0.729    1483.20   81.86452    7.98455  0.000e+00
    385.737     6.5273    34.9982    27.4821 1.4652e-01     0.1834      0.729    1483.20   81.80372    7.97868  0.000e+00
    385.765     6.5273    34.9980    27.4819 1.4652e-01     0.1882      0.769    1483.20   81.80077    7.97839  0.000e+00
    385.763     6.5275    34.9974    27.4815 1.4652e-01     0.1895      0.857    1483.20   81.79821    7.97813  0.000e+00
    385.800     6.5275    34.9976    27.4816 1.3431e-01     0.1882      0.901    1483.20   81.79680    7.97799  0.000e+00
    385.827     6.5271    34.9978    27.4818 1.4652e-01     0.1882      0.861    1483.20   81.79605    7.97798  0.000e+00
    385.841     6.5272    34.9979    27.4819 1.4652e-01     0.1882      0.810    1483.20   81.78680    7.97706  0.000e+00
    385.852     6.5272    34.9978    27.4818 1.4652e-01     0.1870      0.769    1483.20   81.78693    7.97708  0.000e+00
    385.889     6.5270    34.9976    27.4817 1.4652e-01     0.1870      0.747    1483.20   81.78808    7.97724  0.000e+00
    385.889     6.5269    34.9981    27.4821 1.3431e-01     0.1870      0.733    1483.20   81.72371    7.97096  0.000e+00
    385.918     6.5270    34.9976    27.4817 1.4652e-01     0.1846      0.718    1483.20   81.71785    7.97038  0.000e+00
    385.941     6.5269    34.9976    27.4817 1.3431e-01     0.1846      0.714    1483.20   81.77890    7.97637  0.000e+00
    385.966     6.5270    34.9977    27.4818 1.3431e-01     0.1870      0.722    1483.20   81.77447    7.97591  0.000e+00
    385.991     6.5269    34.9981    27.4821 1.4652e-01     0.1882      0.744    1483.20   81.70458    7.96909  0.000e+00
    385.993     6.5266    34.9980    27.4821 1.3431e-01     0.1858      0.758    1483.20   81.70139    7.96884  0.000e+00
    386.030     6.5268    34.9976    27.4817 1.4652e-01     0.1870      0.766    1483.20   81.69055    7.96776  0.000e+00
    386.055     6.5267    34.9977    27.4818 1.3431e-01     0.1882      0.758    1483.20   81.68939    7.96766  0.000e+00
    386.067     6.5267    34.9976    27.4818 1.4652e-01     0.1870      0.755    1483.20   81.61429    7.96034  0.000e+00
    386.057     6.5266    34.9978    27.4819 1.3431e-01     0.1882      0.755    1483.20   81.59723    7.95869  0.000e+00
    386.157     6.5265    34.9981    27.4822 1.4652e-01     0.1882      0.747    1483.20   81.58242    7.95725  0.000e+00
    386.131     6.5264    34.9978    27.4819 1.3431e-01     0.1882      0.733    1483.20   81.56733    7.95581  0.000e+00
    386.144     6.5266    34.9977    27.4818 1.3431e-01     0.1882      0.729    1483.20   81.56276    7.95534  0.000e+00
    386.183     6.5267    34.9976    27.4818 1.4652e-01     0.1858      0.722    1483.20   81.55088    7.95416  0.000e+00
    386.198     6.5267    34.9976    27.4818 1.4652e-01     0.1870      0.711    1483.20   81.53984    7.95307  0.000e+00
    386.219     6.5266    34.9978    27.4819 1.4652e-01     0.1870      0.714    1483.20   81.53901    7.95301  0.000e+00
    386.233     6.5267    34.9978    27.4819 1.3431e-01     0.1870      0.714    1483.20   81.53047    7.95215  0.000e+00
    386.258     6.5267    34.9979    27.4820 1.4652e-01     0.1895      0.714    1483.20   81.45732    7.94502  0.000e+00
    386.283     6.5269    34.9977    27.4818 1.3431e-01     0.1907      0.711    1483.20   81.50859    7.94999  0.000e+00
    386.298     6.5267    34.9977    27.4818 1.4652e-01     0.1907      0.714    1483.20   81.43787    7.94313  0.000e+00
    386.322     6.5267    34.9976    27.4818 1.4652e-01     0.1907      0.714    1483.20   81.42585    7.94197  0.000e+00
    386.335     6.5269    34.9976    27.4817 1.4652e-01     0.1895      0.711    1483.20   81.41513    7.94088  0.000e+00
    386.360     6.5263    34.9986    27.4826 1.4652e-01     0.1895      0.714    1483.20   81.40608    7.94006  0.000e+00
    386.385     6.5267    34.9982    27.4822 1.3431e-01     0.1895      0.722    1483.20   81.39835    7.93924  0.000e+00
    386.387     6.5267    34.9980    27.4821 1.4652e-01     0.1931      0.722    1483.20   81.39187    7.93863  0.000e+00
    386.424     6.5267    34.9975    27.4817 1.5873e-01     0.1943      0.711    1483.20   81.38720    7.93819  0.000e+00
    386.449     6.5264    34.9980    27.4821 1.5873e-01     0.1919      0.700    1483.20   81.38389    7.93790  0.000e+00
    386.461     6.5268    34.9978    27.4818 1.4652e-01     0.1907      0.696    1483.21   81.38180    7.93764  0.000e+00
    386.474     6.5267    34.9981    27.4821 1.4652e-01     0.1895      0.696    1483.21   81.38124    7.93758  0.000e+00
    386.499     6.5266    34.9980    27.4821 1.4652e-01     0.1907      0.692    1483.21   81.38225    7.93771  0.000e+00
    386.528     6.5269    34.9976    27.4817 1.4652e-01     0.1919      0.696    1483.21   81.38468    7.93792  0.000e+00
    386.550     6.5267    34.9981    27.4821 1.4652e-01     0.1907      0.700    1483.21   81.38856    7.93831  0.000e+00
    386.563     6.5267    34.9979    27.4819 1.4652e-01     0.1907      0.714    1483.21   81.39375    7.93881  0.000e+00
    386.588     6.5267    34.9978    27.4819 1.4652e-01     0.1882      0.733    1483.21   81.40053    7.93948  0.000e+00
    386.602     6.5267    34.9980    27.4821 1.3431e-01     0.1882      0.751    1483.21   81.40863    7.94027  0.000e+00
    386.629     6.5266    34.9980    27.4821 1.4652e-01     0.1882      0.747    1483.21   81.41832    7.94123  0.000e+00
    386.652     6.5269    34.9976    27.4817 1.3431e-01     0.1895      0.740    1483.21   81.42937    7.94227  0.000e+00
    386.665     6.5269    34.9978    27.4819 1.4652e-01     0.1907      0.733    1483.21   81.44181    7.94348  0.000e+00
    386.691     6.5268    34.9979    27.4820 1.4652e-01     0.1882      0.718    1483.21   81.44678    7.94397  0.000e+00
    386.702     6.5269    34.9979    27.4819 1.4652e-01     0.1858      0.714    1483.21   81.45268    7.94453  0.000e+00
    386.741     6.5266    34.9979    27.4820 1.3431e-01     0.1846      0.714    1483.21   81.46903    7.94618  0.000e+00
    386.756     6.5265    34.9980    27.4820 1.4652e-01     0.1858      0.722    1483.21   81.47752    7.94703  0.000e+00
    386.766     6.5269    34.9978    27.4818 1.3431e-01     0.1846      0.733    1483.21   81.48697    7.94788  0.000e+00
    386.779     6.5266    34.9981    27.4822 1.4652e-01     0.1858      0.747    1483.21   81.43179    7.94254  0.000e+00
    386.818     6.5267    34.9975    27.4816 1.3431e-01     0.1858      0.744    1483.21   81.50128    7.94932  0.000e+00
    386.830     6.5268    34.9977    27.4818 1.3431e-01     0.1846      0.744    1483.21   81.51440    7.95057  0.000e+00
    386.855     6.5267    34.9979    27.4820 1.3431e-01     0.1858      0.758    1483.21   81.52878    7.95198  0.000e+00
    386.868     6.5267    34.9977    27.4818 1.3431e-01     0.1870      0.762    1483.21   81.54410    7.95349  0.000e+00
    386.883     6.5267    34.9977    27.4818 1.3431e-01     0.1858      0.762    1483.21   81.56053    7.95510  0.000e+00
