Rawdata/2018_07_17/VT3_20180718_down.cnv
* Sea-Bird SBE 9 Data File:
* FileName = C:\CTD Brukere\NIVA\OKOKYST2018\2018_07_17\VT3_20180718.hdr
* Software Version Seasave V 7.21f
* Temperature SN = 5352
* Conductivity SN = 3840
* Number of Bytes Per Scan = 28
* Number of Voltage Words = 4
* Number of Scans Averaged by the Deck Unit = 1
* NMEA baud rate = 4800
** Ship: R/V Trygve Braarud
** Cruise:
** Station:
** Operator:
# nquan = 11
# nvalues = 20432                                 
# units = specified
# name 0 = depSM: Depth [salt water, m], lat = 0.00
# name 1 = t090C: Temperature [ITS-90, deg C]
# name 2 = sal00: Salinity, Practical [PSU]
# name 3 = sigma-t00: Density [sigma-t, Kg/m^3 ]
# name 4 = flSP: Fluorescence, Seapoint
# name 5 = wetStar: Fluorescence, WET Labs WETstar [mg/m^3]
# name 6 = seaTurbMtr: Turbidity, Seapoint [FTU]
# name 7 = svCM: Sound Velocity [Chen-Millero, m/s]
# name 8 = sbeox0PS: Oxygen, SBE 43 [% saturation]
# name 9 = sbeox0Mg/L: Oxygen, SBE 43 [mg/l]
# name 10 = flag:  0.000e+00
# span 0 =     -0.095,    451.265                 
# span 1 =     6.5153,    21.5953                 
# span 2 =    24.6204,    35.0022                 
# span 3 =    16.4629,    27.4869                 
# span 4 = 1.2210e-01, 2.9060e+00                 
# span 5 =     0.0075,     0.3470                 
# span 6 =      0.432,     14.256                 
# span 7 =    1477.87,    1514.55                 
# span 8 =   75.74190,  109.49369                 
# span 9 =    5.78376,    9.15311                 
# span 10 = 0.0000e+00, 0.0000e+00                
# interval = seconds: 0.0416667
# start_time = Jul 18 2018 10:12:52 [System UTC, first data scan.]
# bad_flag = -9.990e-29
*END*
[from data line 9443]
    216.134     6.5477    34.9877    27.4711 1.3431e-01     0.1956      0.586    1480.45   82.76288    8.06898  0.000e+00
    216.159     6.5480    34.9879    27.4712 1.3431e-01     0.1956      0.582    1480.46   82.70760    8.06354  0.000e+00
    216.189     6.5480    34.9877    27.4711 1.3431e-01     0.1943      0.575    1480.46   82.70827    8.06361  0.000e+00
    216.209     6.5482    34.9879    27.4712 1.3431e-01     0.1931      0.582    1480.46   82.70027    8.06279  0.000e+00
    216.233     6.5484    34.9873    27.4707 1.4652e-01     0.1943      0.593    1480.46   82.69198    8.06196  0.000e+00
    216.258     6.5482    34.9877    27.4710 1.3431e-01     0.1968      0.590    1480.46   82.68341    8.06116  0.000e+00
    216.283     6.5483    34.9877    27.4710 1.4652e-01     0.1956      0.575    1480.46   82.67445    8.06025  0.000e+00
    216.295     6.5483    34.9877    27.4710 1.4652e-01     0.1980      0.568    1480.46   82.67355    8.06017  0.000e+00
    216.338     6.5485    34.9877    27.4710 1.4652e-01     0.1968      0.560    1480.46   82.67297    8.06008  0.000e+00
    216.344     6.5486    34.9875    27.4708 1.4652e-01     0.1992      0.553    1480.46   82.67201    8.05998  0.000e+00
    216.394     6.5486    34.9875    27.4708 1.3431e-01     0.1968      0.549    1480.46   82.67152    8.05992  0.000e+00
    216.394     6.5486    34.9879    27.4711 1.3431e-01     0.1968      0.546    1480.46   82.67050    8.05980  0.000e+00
    216.432     6.5486    34.9877    27.4710 1.3431e-01     0.1956      0.549    1480.46   82.73392    8.06600  0.000e+00
    216.462     6.5489    34.9874    27.4707 1.3431e-01     0.1968      0.568    1480.46   82.67700    8.06042  0.000e+00
    216.481     6.5488    34.9874    27.4707 1.3431e-01     0.1956      0.571    1480.46   82.67585    8.06031  0.000e+00
    216.493     6.5490    34.9870    27.4703 1.3431e-01     0.1968      0.568    1480.46   82.73864    8.06643  0.000e+00
    216.531     6.5486    34.9873    27.4706 1.3431e-01     0.1956      0.564    1480.46   82.68154    8.06091  0.000e+00
    216.556     6.5482    34.9877    27.4710 1.3431e-01     0.1968      0.560    1480.46   82.68016    8.06084  0.000e+00
    216.586     6.5481    34.9878    27.4711 1.3431e-01     0.1956      0.560    1480.46   82.67879    8.06072  0.000e+00
    216.617     6.5475    34.9882    27.4715 1.3431e-01     0.1980      0.564    1480.46   82.67749    8.06067  0.000e+00
    216.617     6.5478    34.9876    27.4710 1.3431e-01     0.1992      0.568    1480.46   82.73979    8.06671  0.000e+00
    216.667     6.5477    34.9880    27.4713 1.4652e-01     0.2017      0.564    1480.46   82.74649    8.06738  0.000e+00
    216.667     6.5478    34.9880    27.4713 1.3431e-01     0.2005      0.564    1480.46   82.75227    8.06791  0.000e+00
    216.721     6.5479    34.9879    27.4712 1.4652e-01     0.2005      0.564    1480.46   82.69427    8.06225  0.000e+00
    216.741     6.5480    34.9878    27.4711 1.3431e-01     0.1980      0.586    1480.46   82.75579    8.06824  0.000e+00
    216.766     6.5480    34.9878    27.4711 1.3431e-01     0.1980      0.604    1480.46   82.76117    8.06876  0.000e+00
    216.791     6.5482    34.9872    27.4707 1.3431e-01     0.1992      0.593    1480.47   82.76620    8.06925  0.000e+00
    216.820     6.5483    34.9873    27.4707 1.3431e-01     0.1980      0.582    1480.47   82.77095    8.06969  0.000e+00
    216.840     6.5477    34.9874    27.4709 1.3431e-01     0.1956      0.575    1480.46   82.77533    8.07022  0.000e+00
    216.877     6.5478    34.9873    27.4708 1.3431e-01     0.1968      0.575    1480.47   82.77946    8.07060  0.000e+00
    216.901     6.5477    34.9879    27.4712 1.3431e-01     0.1992      0.568    1480.47   82.84721    8.07720  0.000e+00
    216.944     6.5477    34.9876    27.4710 1.3431e-01     0.1980      0.564    1480.47   82.79455    8.07208  0.000e+00
    216.964     6.5477    34.9875    27.4709 1.3431e-01     0.1980      0.560    1480.47   82.79714    8.07233  0.000e+00
    216.989     6.5477    34.9878    27.4712 1.3431e-01     0.1992      0.560    1480.47   82.79947    8.07255  0.000e+00
    217.039     6.5478    34.9880    27.4713 1.3431e-01     0.1968      0.557    1480.47   82.80169    8.07273  0.000e+00
    217.042     6.5483    34.9874    27.4708 1.3431e-01     0.1992      0.557    1480.47   82.86708    8.07905  0.000e+00
    217.075     6.5483    34.9878    27.4711 1.3431e-01     0.1980      0.557    1480.47   82.87632    8.07994  0.000e+00
    217.113     6.5482    34.9878    27.4711 1.3431e-01     0.2005      0.564    1480.47   82.88494    8.08080  0.000e+00
    217.150     6.5478    34.9878    27.4711 1.3431e-01     0.1992      0.593    1480.47   82.89288    8.08163  0.000e+00
    217.166     6.5478    34.9879    27.4712 1.3431e-01     0.1968      0.648    1480.47   82.89989    8.08231  0.000e+00
    217.212     6.5483    34.9878    27.4711 1.3431e-01     0.1968      0.692    1480.47   82.90647    8.08287  0.000e+00
    217.199     6.5484    34.9875    27.4709 1.3431e-01     0.1980      0.718    1480.47   82.92031    8.08421  0.000e+00
    217.224     6.5480    34.9879    27.4712 1.3431e-01     0.1980      0.711    1480.47   82.92575    8.08480  0.000e+00
    217.328     6.5482    34.9877    27.4710 1.3431e-01     0.1992      0.700    1480.47   82.93130    8.08533  0.000e+00
    217.298     6.5483    34.9875    27.4709 1.3431e-01     0.1980      0.689    1480.47   82.99876    8.09188  0.000e+00
    217.348     6.5483    34.9869    27.4704 1.4652e-01     0.1992      0.667    1480.47   82.95471    8.08763  0.000e+00
    217.389     6.5482    34.9874    27.4708 1.4652e-01     0.1956      0.645    1480.48   82.95756    8.08790  0.000e+00
    217.386     6.5477    34.9881    27.4714 1.3431e-01     0.1980      0.634    1480.47   82.95930    8.08812  0.000e+00
    217.447     6.5480    34.9878    27.4711 1.3431e-01     0.1980      0.623    1480.48   83.02500    8.09448  0.000e+00
    217.464     6.5480    34.9880    27.4713 1.4652e-01     0.1992      0.612    1480.48   83.04190    8.09612  0.000e+00
    217.497     6.5483    34.9878    27.4711 1.3431e-01     0.2005      0.597    1480.48   83.04974    8.09685  0.000e+00
    217.522     6.5483    34.9878    27.4711 1.3431e-01     0.2005      0.593    1480.48   83.05649    8.09750  0.000e+00
    217.558     6.5482    34.9878    27.4711 1.3431e-01     0.2029      0.597    1480.48   83.06237    8.09810  0.000e+00
    217.575     6.5482    34.9881    27.4713 1.3431e-01     0.2041      0.597    1480.48   83.06699    8.09853  0.000e+00
    217.608     6.5482    34.9877    27.4710 1.3431e-01     0.2029      0.604    1480.48   83.07076    8.09892  0.000e+00
    217.646     6.5481    34.9878    27.4711 1.3431e-01     0.2005      0.626    1480.48   83.07358    8.09921  0.000e+00
    217.649     6.5480    34.9877    27.4711 1.3431e-01     0.2005      0.645    1480.48   83.07499    8.09936  0.000e+00
    217.695     6.5482    34.9875    27.4709 1.3431e-01     0.2005      0.670    1480.48   83.07581    8.09943  0.000e+00
    217.707     6.5483    34.9875    27.4709 1.3431e-01     0.2005      0.700    1480.48   83.07524    8.09934  0.000e+00
    217.737     6.5481    34.9876    27.4710 1.3431e-01     0.2017      0.722    1480.48   83.07389    8.09925  0.000e+00
    217.781     6.5480    34.9876    27.4710 1.3431e-01     0.2005      0.714    1480.48   83.07165    8.09904  0.000e+00
    217.806     6.5478    34.9879    27.4713 1.3431e-01     0.1992      0.725    1480.48   83.07672    8.09955  0.000e+00
    217.823     6.5485    34.9874    27.4708 1.3431e-01     0.1980      0.696    1480.48   83.07238    8.09904  0.000e+00
    217.856     6.5483    34.9876    27.4709 1.3431e-01     0.1980      0.652    1480.48   83.06730    8.09856  0.000e+00
    217.894     6.5483    34.9876    27.4710 1.3431e-01     0.1992      0.619    1480.48   83.06977    8.09881  0.000e+00
    217.909     6.5482    34.9877    27.4710 1.3431e-01     0.2005      0.601    1480.48   83.06278    8.09814  0.000e+00
    217.930     6.5480    34.9879    27.4712 1.3431e-01     0.1980      0.593    1480.48   83.05485    8.09739  0.000e+00
    217.980     6.5480    34.9876    27.4709 1.3431e-01     0.1956      0.586    1480.48   83.04617    8.09656  0.000e+00
    217.996     6.5481    34.9876    27.4709 1.3431e-01     0.1956      0.593    1480.49   83.03610    8.09557  0.000e+00
    218.018     6.5480    34.9875    27.4709 1.3431e-01     0.1956      0.619    1480.49   83.03361    8.09534  0.000e+00
    218.043     6.5478    34.9878    27.4712 1.3431e-01     0.1980      0.641    1480.49   83.03049    8.09505  0.000e+00
    218.071     6.5477    34.9878    27.4712 1.3431e-01     0.1992      0.634    1480.49   83.02672    8.09471  0.000e+00
    218.104     6.5478    34.9876    27.4710 1.3431e-01     0.1992      0.619    1480.49   83.01375    8.09343  0.000e+00
    218.092     6.5481    34.9876    27.4710 1.3431e-01     0.1992      0.608    1480.49   83.00780    8.09281  0.000e+00
    218.170     6.5477    34.9878    27.4712 1.3431e-01     0.1992      0.597    1480.49   83.00220    8.09232  0.000e+00
    218.178     6.5478    34.9878    27.4711 1.3431e-01     0.1956      0.586    1480.49   82.99510    8.09160  0.000e+00
    218.195     6.5478    34.9876    27.4710 1.3431e-01     0.1956      0.571    1480.49   82.98743    8.09086  0.000e+00
    218.228     6.5480    34.9874    27.4708 1.3431e-01     0.1956      0.568    1480.49   82.97924    8.09004  0.000e+00
    218.240     6.5479    34.9875    27.4709 1.3431e-01     0.1980      0.571    1480.49   82.90610    8.08293  0.000e+00
    218.269     6.5478    34.9877    27.4711 1.3431e-01     0.1980      0.575    1480.49   82.96127    8.08830  0.000e+00
    218.302     6.5478    34.9878    27.4712 1.3431e-01     0.1968      0.575    1480.49   82.95173    8.08737  0.000e+00
    218.327     6.5475    34.9879    27.4712 1.3431e-01     0.1968      0.568    1480.49   82.94146    8.08642  0.000e+00
    218.331     6.5476    34.9877    27.4711 1.3431e-01     0.1968      0.560    1480.49   82.93022    8.08532  0.000e+00
    218.377     6.5474    34.9876    27.4711 1.3431e-01     0.1980      0.564    1480.49   82.91880    8.08425  0.000e+00
    218.392     6.5472    34.9879    27.4713 1.3431e-01     0.2017      0.571    1480.49   82.91490    8.08389  0.000e+00
    218.413     6.5472    34.9880    27.4714 1.3431e-01     0.1992      0.582    1480.49   82.91069    8.08348  0.000e+00
    218.438     6.5474    34.9881    27.4714 1.3431e-01     0.1968      0.575    1480.49   82.90616    8.08300  0.000e+00
    218.466     6.5474    34.9879    27.4713 1.3431e-01     0.1956      0.568    1480.49   82.90133    8.08253  0.000e+00
    218.476     6.5477    34.9878    27.4711 1.3431e-01     0.1968      0.568    1480.49   82.89595    8.08196  0.000e+00
    218.504     6.5474    34.9882    27.4715 1.3431e-01     0.1968      0.571    1480.49   82.89049    8.08146  0.000e+00
    218.526     6.5480    34.9876    27.4709 1.3431e-01     0.1956      0.571    1480.49   82.88450    8.08080  0.000e+00
    218.551     6.5476    34.9882    27.4715 1.3431e-01     0.1956      0.568    1480.49   82.87833    8.08024  0.000e+00
    218.579     6.5482    34.9877    27.4710 1.3431e-01     0.1968      0.568    1480.50   82.87174    8.07952  0.000e+00
    218.600     6.5478    34.9880    27.4713 1.4652e-01     0.1980      0.575    1480.50   82.87338    8.07972  0.000e+00
    218.628     6.5483    34.9875    27.4709 1.3431e-01     0.1980      0.740    1480.50   82.86645    8.07898  0.000e+00
    218.650     6.5478    34.9877    27.4711 1.3431e-01     0.1980      0.982    1480.50   82.85923    8.07835  0.000e+00
    218.661     6.5481    34.9876    27.4710 1.4652e-01     0.1992      0.974    1480.50   82.85148    8.07756  0.000e+00
    218.714     6.5482    34.9876    27.4710 1.4652e-01     0.2005      0.853    1480.50   82.85238    8.07763  0.000e+00
    218.724     6.5475    34.9880    27.4713 1.3431e-01     0.2005      0.758    1480.50   82.85291    8.07778  0.000e+00
    218.752     6.5478    34.9877    27.4711 1.3431e-01     0.1992      0.729    1480.50   82.85352    8.07780  0.000e+00
    218.761     6.5474    34.9880    27.4714 1.3431e-01     0.1992      0.692    1480.50   82.85400    8.07791  0.000e+00
    218.789     6.5474    34.9881    27.4714 1.4652e-01     0.2005      0.659    1480.50   82.85466    8.07798  0.000e+00
    218.835     6.5475    34.9876    27.4710 1.4652e-01     0.2005      0.645    1480.50   82.85548    8.07805  0.000e+00
    218.835     6.5474    34.9877    27.4711 1.3431e-01     0.1968      0.637    1480.50   82.85584    8.07811  0.000e+00
    218.863     6.5474    34.9882    27.4715 1.4652e-01     0.1968      0.641    1480.50   82.85649    8.07815  0.000e+00
    218.909     6.5473    34.9879    27.4713 1.4652e-01     0.2005      0.630    1480.50   82.85735    8.07827  0.000e+00
    218.900     6.5474    34.9877    27.4711 1.3431e-01     0.1992      0.623    1480.50   82.85757    8.07828  0.000e+00
    218.946     6.5475    34.9875    27.4709 1.3431e-01     0.1980      0.612    1480.50   82.85839    8.07834  0.000e+00
    218.974     6.5475    34.9877    27.4711 1.3431e-01     0.1980      0.608    1480.50   82.85904    8.07840  0.000e+00
    218.984     6.5474    34.9879    27.4713 1.4652e-01     0.1992      0.597    1480.50   82.85950    8.07845  0.000e+00
    219.024     6.5477    34.9876    27.4710 1.3431e-01     0.1980      0.586    1480.50   82.86024    8.07849  0.000e+00
    219.034     6.5478    34.9875    27.4709 1.3431e-01     0.1992      0.575    1480.50   82.92474    8.08476  0.000e+00
    219.058     6.5477    34.9876    27.4710 1.3431e-01     0.1992      0.568    1480.50   82.86916    8.07936  0.000e+00
    219.111     6.5477    34.9873    27.4708 1.3431e-01     0.1968      0.560    1480.50   82.93380    8.08568  0.000e+00
    219.108     6.5473    34.9881    27.4715 1.3431e-01     0.1968      0.557    1480.50   82.94168    8.08647  0.000e+00
    219.136     6.5475    34.9879    27.4713 1.3431e-01     0.1992      0.557    1480.50   82.88539    8.08095  0.000e+00
    219.169     6.5470    34.9880    27.4714 1.3431e-01     0.1968      0.557    1480.50   82.94920    8.08726  0.000e+00
    219.197     6.5474    34.9875    27.4710 1.3431e-01     0.1980      0.557    1480.50   82.95664    8.08795  0.000e+00
    219.219     6.5473    34.9876    27.4711 1.3431e-01     0.1992      0.560    1480.50   82.96371    8.08865  0.000e+00
    219.247     6.5470    34.9878    27.4713 1.3431e-01     0.1992      0.560    1480.50   82.97054    8.08935  0.000e+00
    219.268     6.5474    34.9875    27.4710 1.3431e-01     0.2005      0.564    1480.50   82.97688    8.08992  0.000e+00
    219.297     6.5470    34.9878    27.4713 1.4652e-01     0.1980      0.568    1480.50   82.98304    8.09057  0.000e+00
    219.318     6.5472    34.9877    27.4711 1.3431e-01     0.1980      0.564    1480.50   82.98872    8.09111  0.000e+00
    219.346     6.5474    34.9879    27.4713 1.4652e-01     0.2017      0.557    1480.51   82.99411    8.09157  0.000e+00
    219.368     6.5474    34.9881    27.4715 1.3431e-01     0.2017      0.549    1480.51   82.99913    8.09206  0.000e+00
    219.396     6.5474    34.9878    27.4712 1.3431e-01     0.1980      0.553    1480.51   83.00388    8.09254  0.000e+00
    219.431     6.5477    34.9876    27.4710 1.3431e-01     0.1968      0.557    1480.51   83.00831    8.09292  0.000e+00
    219.445     6.5477    34.9872    27.4707 1.3431e-01     0.1956      0.553    1480.51   83.00369    8.09249  0.000e+00
    219.480     6.5480    34.9872    27.4707 1.4652e-01     0.1968      0.549    1480.51   83.00711    8.09277  0.000e+00
    219.495     6.5478    34.9876    27.4710 1.3431e-01     0.1943      0.549    1480.51   83.01002    8.09306  0.000e+00
