Rawdata/2018_07_17/VT65_20180718_down.cnv
* Sea-Bird SBE 9 Data File:
* FileName = C:\CTD Brukere\NIVA\OKOKYST2018\2018_07_17\VT65_20180718.hdr
* Software Version Seasave V 7.21f
* Temperature SN = 5352
* Conductivity SN = 3840
* Number of Bytes Per Scan = 28
* Number of Voltage Words = 4
* Number of Scans Averaged by the Deck Unit = 1
* NMEA baud rate = 4800
** Ship: R/V Trygve Braarud
** Cruise:
** Station:
** Operator:
# nquan = 11
# nvalues = 16348                                 
# units = specified
# name 0 = depSM: Depth [salt water, m], lat = 0.00
# name 1 = t090C: Temperature [ITS-90, deg C]
# name 2 = sal00: Salinity, Practical [PSU]
# name 3 = sigma-t00: Density [sigma-t, Kg/m^3 ]
# name 4 = flSP: Fluorescence, Seapoint
# name 5 = wetStar: Fluorescence, WET Labs WETstar [mg/m^3]
# name 6 = seaTurbMtr: Turbidity, Seapoint [FTU]
# name 7 = svCM: Sound Velocity [Chen-Millero, m/s]
# name 8 = sbeox0PS: Oxygen, SBE 43 [% saturation]
# name 9 = sbeox0Mg/L: Oxygen, SBE 43 [mg/l]
# name 10 = flag:  0.000e+00
# span 0 =     -0.026,    351.667                 
# span 1 =     6.5871,    21.2856                 
# span 2 =    24.8580,    34.9259                 
# span 3 =    16.7200,    27.3875                 
# span 4 = 1.2210e-01, 4.1880e+00                 
# span 5 =    -0.0047,     0.3775                 
# span 6 =      0.425,      1.403                 
# span 7 =    1476.20,    1513.80                 
# span 8 =   78.13724,  109.27049                 
# span 9 =    7.60726,    9.09452                 
# span 10 = 0.0000e+00, 0.0000e+00                
# interval = seconds: 0.0416667
# start_time = Jul 18 2018 12:26:43 [System UTC, first data scan.]
# bad_flag = -9.990e-29
*END*
[from data line 2361]
     30.488     7.1116    33.3126    26.0745 2.0757e-01     0.3189      0.462    1477.48   84.72973    8.24479  0.000e+00
     30.491     7.1436    33.3053    26.0644 1.9536e-01     0.3201      0.454    1477.60   84.76162    8.24223  0.000e+00
     30.540     7.1795    33.3000    26.0553 2.3199e-01     0.3201      0.447    1477.73   84.79609    8.23910  0.000e+00
     30.552     7.2208    33.2915    26.0429 2.5641e-01     0.3213      0.443    1477.88   84.82429    8.23449  0.000e+00
     30.560     7.2636    33.2692    26.0195 2.3199e-01     0.3213      0.436    1478.02   84.84667    8.22981  0.000e+00
     30.601     7.2905    33.2325    25.9868 2.1978e-01     0.3226      0.436    1478.08   84.87261    8.22926  0.000e+00
     30.612     7.2825    33.2113    25.9713 2.0757e-01     0.3213      0.432    1478.02   84.90319    8.23487  0.000e+00
     30.636     7.2417    33.2237    25.9866 1.9536e-01     0.3213      0.429    1477.88   84.93109    8.24459  0.000e+00
     30.648     7.2042    33.2427    26.0068 1.9536e-01     0.3213      0.429    1477.76   84.96022    8.25347  0.000e+00
     30.680     7.1582    33.2610    26.0275 1.8315e-01     0.3213      0.429    1477.60   84.93022    8.25827  0.000e+00
     30.708     7.1164    33.2851    26.0522 1.8315e-01     0.3213      0.429    1477.47   85.01026    8.27267  0.000e+00
     30.721     7.1067    33.2983    26.0639 1.8315e-01     0.3226      0.429    1477.45   84.97195    8.27005  0.000e+00
     30.744     7.1138    33.3038    26.0672 1.8315e-01     0.3226      0.429    1477.48   85.04995    8.27600  0.000e+00
     30.768     7.1304    33.3025    26.0639 1.8315e-01     0.3189      0.425    1477.55   85.07382    8.27525  0.000e+00
     30.789     7.1597    33.2966    26.0553 1.7094e-01     0.3201      0.425    1477.65   85.09756    8.27231  0.000e+00
     30.817     7.2165    33.2671    26.0243 1.7094e-01     0.3189      0.425    1477.84   85.11197    8.26457  0.000e+00
     30.829     7.2480    33.2412    25.9995 1.7094e-01     0.3177      0.429    1477.93   85.12968    8.26175  0.000e+00
     30.864     7.2513    33.2317    25.9916 1.7094e-01     0.3164      0.432    1477.93   85.15146    8.26374  0.000e+00
     30.877     7.2098    33.2401    26.0040 1.9536e-01     0.3177      0.432    1477.78   85.17083    8.27301  0.000e+00
     30.910     7.1528    33.2677    26.0335 1.9536e-01     0.3189      0.429    1477.59   85.20061    8.28522  0.000e+00
     30.925     7.1326    33.2812    26.0468 1.8315e-01     0.3189      0.429    1477.53   85.21949    8.29015  0.000e+00
     30.938     7.1220    33.2924    26.0572 1.7094e-01     0.3177      0.429    1477.50   85.23797    8.29336  0.000e+00
     30.973     7.1158    33.3003    26.0642 1.7094e-01     0.3189      0.429    1477.49   85.25685    8.29596  0.000e+00
     30.998     7.1097    33.3074    26.0706 1.9536e-01     0.3189      0.432    1477.48   85.26841    8.29784  0.000e+00
     31.017     7.1069    33.3138    26.0761 1.9536e-01     0.3177      0.432    1477.47   85.34179    8.30516  0.000e+00
     31.034     7.1120    33.3190    26.0795 1.9536e-01     0.3164      0.440    1477.50   85.29012    8.29890  0.000e+00
     31.070     7.1323    33.3123    26.0714 1.8315e-01     0.3164      0.440    1477.57   85.29134    8.29550  0.000e+00
     31.094     7.1558    33.2998    26.0583 1.7094e-01     0.3164      0.440    1477.65   85.29209    8.29179  0.000e+00
     31.105     7.1728    33.2899    26.0482 1.7094e-01     0.3164      0.440    1477.70   85.22376    8.28247  0.000e+00
     31.117     7.1918    33.2768    26.0353 1.7094e-01     0.3164      0.440    1477.76   85.20965    8.27820  0.000e+00
     31.162     7.2026    33.2724    26.0303 1.8315e-01     0.3189      0.443    1477.79   85.20461    8.27591  0.000e+00
     31.166     7.2112    33.2700    26.0272 1.8315e-01     0.3189      0.440    1477.83   85.13002    8.26716  0.000e+00
     31.202     7.2116    33.2701    26.0273 1.7094e-01     0.3177      0.440    1477.83   85.11918    8.26604  0.000e+00
     31.226     7.2074    33.2713    26.0289 1.7094e-01     0.3177      0.440    1477.81   85.10155    8.26504  0.000e+00
     31.262     7.2038    33.2716    26.0296 1.7094e-01     0.3177      0.443    1477.80   85.03019    8.25878  0.000e+00
     31.262     7.1971    33.2738    26.0322 1.8315e-01     0.3177      0.443    1477.78   85.01410    8.25838  0.000e+00
     31.294     7.1897    33.2807    26.0387 1.8315e-01     0.3152      0.443    1477.76   84.99936    8.25796  0.000e+00
     31.333     7.1888    33.2947    26.0498 1.8315e-01     0.3152      0.440    1477.77   84.97717    8.25522  0.000e+00
     31.333     7.2165    33.3018    26.0516 1.8315e-01     0.3116      0.436    1477.89   84.95223    8.24718  0.000e+00
     31.371     7.2954    33.2479    25.9983 1.9536e-01     0.3128      0.436    1478.13   84.86921    8.22717  0.000e+00
     31.394     7.3009    33.2211    25.9764 1.9536e-01     0.3116      0.440    1478.11   84.84137    8.22489  0.000e+00
     31.407     7.2128    33.2730    26.0295 1.8315e-01     0.3116      0.443    1477.84   84.83121    8.23767  0.000e+00
     31.431     7.1556    33.3142    26.0697 1.9536e-01     0.3152      0.447    1477.67   84.75750    8.23909  0.000e+00
     31.464     7.1331    33.3399    26.0930 1.9536e-01     0.3140      0.447    1477.62   84.72856    8.23912  0.000e+00
     31.478     7.1300    33.3616    26.1105 1.9536e-01     0.3128      0.443    1477.63   84.70655    8.23640  0.000e+00
     31.514     7.1540    33.3697    26.1136 1.8315e-01     0.3152      0.440    1477.73   84.62183    8.22320  0.000e+00
     31.527     7.1918    33.3589    26.0999 1.8315e-01     0.3164      0.440    1477.87   84.58416    8.21301  0.000e+00
     31.552     7.2422    33.3149    26.0584 1.8315e-01     0.3128      0.440    1478.01   84.49310    8.19708  0.000e+00
     31.574     7.2564    33.2824    26.0308 1.7094e-01     0.3128      0.443    1478.02   84.46198    8.19313  0.000e+00
     31.610     7.2334    33.2861    26.0369 1.7094e-01     0.3140      0.451    1477.94   84.43643    8.19477  0.000e+00
     31.610     7.2329    33.2830    26.0345 1.7094e-01     0.3116      0.447    1477.93   84.34882    8.18653  0.000e+00
     31.645     7.2476    33.2761    26.0271 1.7094e-01     0.3103      0.443    1477.98   84.31721    8.18108  0.000e+00
     31.684     7.2641    33.2684    26.0187 1.9536e-01     0.3128      0.447    1478.04   84.28803    8.17559  0.000e+00
     31.708     7.2650    33.2724    26.0217 1.9536e-01     0.3116      0.454    1478.05   84.26247    8.17271  0.000e+00
     31.719     7.2710    33.2762    26.0240 1.8315e-01     0.3116      0.454    1478.07   84.17701    8.16311  0.000e+00
     31.731     7.2959    33.2663    26.0127 1.7094e-01     0.3116      0.454    1478.16   84.14730    8.15611  0.000e+00
     31.755     7.3186    33.2346    25.9846 1.7094e-01     0.3128      0.451    1478.21   84.05893    8.14501  0.000e+00
     31.791     7.2544    33.2576    26.0116 1.7094e-01     0.3140      0.447    1477.99   84.03468    8.15340  0.000e+00
     31.804     7.2042    33.2844    26.0396 1.7094e-01     0.3116      0.443    1477.83   83.94250    8.15237  0.000e+00
     31.816     7.1903    33.2956    26.0503 1.9536e-01     0.3128      0.443    1477.79   83.91283    8.15149  0.000e+00
     31.861     7.1656    33.3101    26.0651 1.9536e-01     0.3140      0.447    1477.71   83.87991    8.15213  0.000e+00
     31.876     7.1344    33.3270    26.0827 2.0757e-01     0.3164      0.447    1477.61   83.85797    8.15492  0.000e+00
     31.912     7.1074    33.3483    26.1031 2.0757e-01     0.3152      0.447    1477.53   83.77742    8.15099  0.000e+00
     31.912     7.1042    33.3557    26.1095 1.9536e-01     0.3164      0.443    1477.53   83.81488    8.15484  0.000e+00
     31.947     7.1156    33.3493    26.1028 1.9536e-01     0.3152      0.440    1477.57   83.67688    8.13963  0.000e+00
     31.961     7.1303    33.3416    26.0948 1.8315e-01     0.3128      0.440    1477.61   83.65135    8.13482  0.000e+00
     31.996     7.1490    33.3345    26.0866 1.8315e-01     0.3128      0.440    1477.68   83.69181    8.13563  0.000e+00
     32.008     7.1685    33.3245    26.0760 1.7094e-01     0.3140      0.443    1477.74   83.68131    8.13152  0.000e+00
     32.032     7.1763    33.3185    26.0703 1.8315e-01     0.3152      0.451    1477.77   83.67546    8.12981  0.000e+00
     32.057     7.1758    33.3183    26.0702 1.8315e-01     0.3164      0.465    1477.76   83.67388    8.12976  0.000e+00
     32.081     7.1787    33.3182    26.0697 1.7094e-01     0.3152      0.473    1477.77   83.67582    8.12942  0.000e+00
     32.092     7.1827    33.3193    26.0700 1.7094e-01     0.3152      0.473    1477.79   83.68130    8.12915  0.000e+00
     32.114     7.1892    33.3135    26.0645 1.7094e-01     0.3128      0.469    1477.81   83.62855    8.12313  0.000e+00
     32.153     7.1810    33.3139    26.0660 1.7094e-01     0.3116      0.469    1477.78   83.64320    8.12606  0.000e+00
     32.164     7.1624    33.3221    26.0750 1.8315e-01     0.3116      0.469    1477.72   83.65482    8.13021  0.000e+00
     32.189     7.1419    33.3379    26.0902 1.9536e-01     0.3116      0.473    1477.66   83.60888    8.12872  0.000e+00
     32.202     7.1212    33.3557    26.1071 1.8315e-01     0.3128      0.469    1477.60   83.68358    8.13889  0.000e+00
     32.237     7.1180    33.3610    26.1117 1.7094e-01     0.3116      0.469    1477.60   83.69917    8.14072  0.000e+00
     32.262     7.1287    33.3520    26.1032 1.7094e-01     0.3128      0.462    1477.63   83.65552    8.13496  0.000e+00
     32.273     7.1302    33.3479    26.0998 1.9536e-01     0.3116      0.462    1477.63   83.73275    8.14241  0.000e+00
     32.298     7.1137    33.3574    26.1094 1.9536e-01     0.3116      0.462    1477.58   83.75292    8.14694  0.000e+00
     32.322     7.0960    33.3691    26.1211 2.3199e-01     0.3152      0.465    1477.52   83.77666    8.15192  0.000e+00
     32.334     7.0779    33.3834    26.1348 2.1978e-01     0.3140      0.465    1477.47   83.80378    8.15718  0.000e+00
     32.358     7.0666    33.3953    26.1457 2.0757e-01     0.3128      0.473    1477.44   83.82619    8.16085  0.000e+00
     32.382     7.0649    33.4000    26.1496 2.1978e-01     0.3103      0.484    1477.44   83.85101    8.16333  0.000e+00
     32.394     7.0667    33.4005    26.1498 2.3199e-01     0.3103      0.487    1477.45   83.81661    8.15961  0.000e+00
     32.430     7.0733    33.3949    26.1445 2.1978e-01     0.3103      0.491    1477.47   83.90190    8.16698  0.000e+00
     32.441     7.0829    33.3859    26.1361 1.9536e-01     0.3103      0.516    1477.49   83.93538    8.16893  0.000e+00
     32.465     7.0859    33.3836    26.1339 1.8315e-01     0.3116      0.531    1477.50   83.96482    8.17136  0.000e+00
     32.465     7.0872    33.3840    26.1340 1.8315e-01     0.3128      0.524    1477.51   83.99694    8.17421  0.000e+00
     32.501     7.0849    33.3874    26.1370 1.8315e-01     0.3116      0.509    1477.51   84.03256    8.17792  0.000e+00
     32.539     7.0903    33.3823    26.1323 1.9536e-01     0.3103      0.502    1477.52   84.00061    8.17409  0.000e+00
     32.536     7.1108    33.3651    26.1159 3.0525e-01     0.3103      0.498    1477.58   84.08605    8.17947  0.000e+00
     32.562     7.1627    33.3247    26.0770 3.7851e-01     0.3116      0.498    1477.73   84.17897    8.18095  0.000e+00
     32.575     7.2098    33.2934    26.0459 3.4188e-01     0.3128      0.495    1477.87   84.21200    8.17702  0.000e+00
     32.610     7.2254    33.2874    26.0390 2.6862e-01     0.3116      0.491    1477.93   84.18798    8.17208  0.000e+00
     32.610     7.2254    33.2899    26.0410 2.3199e-01     0.3103      0.487    1477.93   84.21378    8.17446  0.000e+00
     32.646     7.2079    33.3041    26.0546 1.9536e-01     0.3103      0.484    1477.88   84.24346    8.17986  0.000e+00
     32.659     7.1594    33.3517    26.0987 1.9536e-01     0.3103      0.480    1477.75   84.27776    8.18971  0.000e+00
     32.682     7.1093    33.4114    26.1526 1.8315e-01     0.3103      0.480    1477.63   84.36852    8.20473  0.000e+00
     32.695     7.0781    33.4533    26.1898 1.8315e-01     0.3079      0.476    1477.56   84.34236    8.20581  0.000e+00
     32.707     7.0627    33.4755    26.2094 1.8315e-01     0.3079      0.476    1477.53   84.37066    8.21026  0.000e+00
     32.742     7.0576    33.4784    26.2124 1.8315e-01     0.3103      0.476    1477.52   84.39978    8.21390  0.000e+00
     32.742     7.0605    33.4655    26.2018 1.7094e-01     0.3103      0.491    1477.51   84.35946    8.21013  0.000e+00
     32.778     7.0655    33.4550    26.1928 1.7094e-01     0.3116      0.516    1477.52   84.43726    8.21732  0.000e+00
     32.791     7.0677    33.4542    26.1919 1.7094e-01     0.3079      0.527    1477.53   84.39213    8.21256  0.000e+00
     32.816     7.0756    33.4524    26.1894 1.7094e-01     0.3067      0.524    1477.56   84.40222    8.21216  0.000e+00
     32.816     7.0841    33.4500    26.1864 1.8315e-01     0.3067      0.513    1477.59   84.40538    8.21098  0.000e+00
     32.863     7.0901    33.4446    26.1813 1.8315e-01     0.3067      0.498    1477.60   84.41027    8.21062  0.000e+00
     32.852     7.1019    33.4303    26.1685 1.9536e-01     0.3055      0.487    1477.63   84.41484    8.20961  0.000e+00
     32.887     7.1308    33.4040    26.1438 1.9536e-01     0.3042      0.476    1477.71   84.41906    8.20602  0.000e+00
     32.912     7.1672    33.3735    26.1148 2.6862e-01     0.3042      0.473    1477.81   84.41551    8.20046  0.000e+00
     32.912     7.1965    33.3509    26.0930 3.1746e-01     0.3030      0.469    1477.90   84.42086    8.19669  0.000e+00
     32.936     7.2194    33.3322    26.0751 2.8083e-01     0.3018      0.469    1477.96   84.41254    8.19261  0.000e+00
     32.959     7.2301    33.3228    26.0662 2.5641e-01     0.3042      0.469    1477.99   84.40578    8.19045  0.000e+00
     32.972     7.2347    33.3177    26.0616 2.4420e-01     0.3030      0.473    1478.01   84.40763    8.19004  0.000e+00
     32.995     7.2342    33.3166    26.0608 2.1978e-01     0.3030      0.491    1478.00   84.41072    8.19049  0.000e+00
     33.008     7.2531    33.2953    26.0414 1.9536e-01     0.3030      0.498    1478.05   84.41235    8.18826  0.000e+00
     33.044     7.2366    33.3062    26.0523 2.1978e-01     0.3067      0.516    1478.00   84.41847    8.19135  0.000e+00
     33.055     7.1943    33.3424    26.0866 2.1978e-01     0.3067      0.524    1477.88   84.42764    8.19823  0.000e+00
     33.068     7.1696    33.3639    26.1069 1.9536e-01     0.3067      0.516    1477.81   84.43567    8.20249  0.000e+00
     33.093     7.1574    33.3760    26.1181 1.8315e-01     0.3079      0.502    1477.78   84.49727    8.21012  0.000e+00
     33.106     7.1560    33.3781    26.1200 1.7094e-01     0.3067      0.487    1477.78   84.44126    8.20482  0.000e+00
     33.140     7.1444    33.3910    26.1317 1.7094e-01     0.3067      0.476    1477.75   84.44129    8.20631  0.000e+00
     33.140     7.1296    33.4063    26.1457 1.7094e-01     0.3067      0.473    1477.71   84.49574    8.21356  0.000e+00
     33.164     7.1137    33.4209    26.1595 1.8315e-01     0.3067      0.473    1477.67   84.50364    8.21654  0.000e+00
     33.189     7.1150    33.4185    26.1574 1.9536e-01     0.3079      0.473    1477.67   84.50971    8.21701  0.000e+00
     33.225     7.1084    33.4249    26.1634 2.0757e-01     0.3079      0.469    1477.65   84.50894    8.21784  0.000e+00
     33.225     7.1037    33.4303    26.1682 1.9536e-01     0.3067      0.469    1477.64   84.45313    8.21300  0.000e+00
     33.249     7.1039    33.4304    26.1682 1.9536e-01     0.3067      0.465    1477.64   84.51375    8.21885  0.000e+00
