Rawdata/2018_07_17/VT65_20180718_down.cnv
* Sea-Bird SBE 9 Data File:
* FileName = C:\CTD Brukere\NIVA\OKOKYST2018\2018_07_17\VT65_20180718.hdr
* Software Version Seasave V 7.21f
* Temperature SN = 5352
* Conductivity SN = 3840
* Number of Bytes Per Scan = 28
* Number of Voltage Words = 4
* Number of Scans Averaged by the Deck Unit = 1
* NMEA baud rate = 4800
** Ship: R/V Trygve Braarud
** Cruise:
** Station:
** Operator:
# nquan = 11
# nvalues = 16348                                 
# units = specified
# name 0 = depSM: Depth [salt water, m], lat = 0.00
# name 1 = t090C: Temperature [ITS-90, deg C]
# name 2 = sal00: Salinity, Practical [PSU]
# name 3 = sigma-t00: Density [sigma-t, Kg/m^3 ]
# name 4 = flSP: Fluorescence, Seapoint
# name 5 = wetStar: Fluorescence, WET Labs WETstar [mg/m^3]
# name 6 = seaTurbMtr: Turbidity, Seapoint [FTU]
# name 7 = svCM: Sound Velocity [Chen-Millero, m/s]
# name 8 = sbeox0PS: Oxygen, SBE 43 [% saturation]
# name 9 = sbeox0Mg/L: Oxygen, SBE 43 [mg/l]
# name 10 = flag:  0.000e+00
# span 0 =     -0.026,    351.667                 
# span 1 =     6.5871,    21.2856                 
# span 2 =    24.8580,    34.9259                 
# span 3 =    16.7200,    27.3875                 
# span 4 = 1.2210e-01, 4.1880e+00                 
# span 5 =    -0.0047,     0.3775                 
# span 6 =      0.425,      1.403                 
# span 7 =    1476.20,    1513.80                 
# span 8 =   78.13724,  109.27049                 
# span 9 =    7.60726,    9.09452                 
# span 10 = 0.0000e+00, 0.0000e+00                
# interval = seconds: 0.0416667
# start_time = Jul 18 2018 12:26:43 [System UTC, first data scan.]
# bad_flag = -9.990e-29
*END*
[from data line 1312]
      6.926    20.8887    25.2527    17.1203 8.6691e-01     0.3628      0.513    1513.23  101.44132    7.81679  0.000e+00
      6.941    20.8958    25.2477    17.1147 8.7912e-01     0.3653      0.513    1513.24  101.40804    7.81343  0.000e+00
      6.954    20.9088    25.2396    17.1052 8.7912e-01     0.3665      0.513    1513.27  101.31711    7.80492  0.000e+00
      6.998    20.9172    25.2340    17.0988 8.9133e-01     0.3665      0.516    1513.29  101.27655    7.80083  0.000e+00
      7.001    20.9063    25.2400    17.1062 8.7912e-01     0.3653      0.524    1513.27  101.24145    7.79942  0.000e+00
      7.022    20.8961    25.2463    17.1136 8.9133e-01     0.3641      0.549    1513.25  101.20695    7.79795  0.000e+00
      7.050    20.8947    25.2472    17.1146 9.1575e-01     0.3665      0.674    1513.24  101.17388    7.79555  0.000e+00
      7.082    20.8965    25.2464    17.1135 9.1575e-01     0.3690      0.703    1513.25  101.14567    7.79317  0.000e+00
      7.085    20.8951    25.2475    17.1147 9.2796e-01     0.3665      0.648    1513.24  101.11720    7.79113  0.000e+00
      7.110    20.8897    25.2514    17.1190 9.5238e-01     0.3690      0.590    1513.23  101.09309    7.78987  0.000e+00
      7.142    20.8800    25.2581    17.1266 9.5238e-01     0.3677      0.560    1513.22  101.06920    7.78911  0.000e+00
      7.157    20.8672    25.2676    17.1371 9.6459e-01     0.3653      0.549    1513.19  101.04942    7.78900  0.000e+00
      7.178    20.8392    25.2859    17.1582 9.5238e-01     0.3665      0.538    1513.13  101.02862    7.79059  0.000e+00
      7.217    20.8203    25.2982    17.1723 9.4017e-01     0.3641      0.527    1513.09  101.06831    7.79582  0.000e+00
      7.238    20.8020    25.3094    17.1855 9.1575e-01     0.3665      0.520    1513.06  101.05821    7.79717  0.000e+00
      7.253    20.7813    25.3221    17.2004 9.0354e-01     0.3665      0.509    1513.01  101.05266    7.79914  0.000e+00
      7.274    20.7734    25.3273    17.2063 9.0354e-01     0.3702      0.505    1513.00  101.04977    7.79983  0.000e+00
      7.302    20.7709    25.3287    17.2080 8.9133e-01     0.3690      0.505    1512.99  101.11112    7.80485  0.000e+00
      7.326    20.7725    25.3278    17.2070 9.0354e-01     0.3690      0.505    1513.00  101.11953    7.80531  0.000e+00
      7.345    20.7723    25.3292    17.2080 9.1575e-01     0.3690      0.513    1513.00  101.12865    7.80598  0.000e+00
      7.362    20.7739    25.3288    17.2074 9.1575e-01     0.3690      0.516    1513.00  101.19727    7.81107  0.000e+00
      7.381    20.7735    25.3289    17.2075 9.4017e-01     0.3714      0.516    1513.00  101.27460    7.81708  0.000e+00
      7.422    20.7708    25.3300    17.2091 9.4017e-01     0.3714      0.513    1512.99  101.29832    7.81926  0.000e+00
      7.417    20.7656    25.3334    17.2130 9.5238e-01     0.3702      0.505    1512.98  101.32201    7.82169  0.000e+00
      7.458    20.7549    25.3402    17.2209 9.6459e-01     0.3714      0.502    1512.96  101.34644    7.82481  0.000e+00
      7.490    20.7463    25.3460    17.2274 9.7680e-01     0.3714      0.505    1512.95  101.43023    7.83226  0.000e+00
      7.493    20.7397    25.3498    17.2320 1.0012e+00     0.3751      0.502    1512.93  101.46017    7.83535  0.000e+00
      7.537    20.7404    25.3490    17.2312 1.0134e+00     0.3751      0.495    1512.93  101.49215    7.83776  0.000e+00
      7.553    20.7526    25.3407    17.2219 1.0379e+00     0.3738      0.491    1512.96  101.52575    7.83897  0.000e+00
      7.565    20.7589    25.3368    17.2173 1.0501e+00     0.3714      0.491    1512.97  101.55926    7.84082  0.000e+00
      7.586    20.7501    25.3500    17.2295 1.0379e+00     0.3714      0.498    1512.96  101.65020    7.84850  0.000e+00
      7.614    20.7030    25.3972    17.2774 1.0501e+00     0.3751      0.498    1512.88  101.68313    7.85572  0.000e+00
      7.669    20.6506    25.4447    17.3267 1.0501e+00     0.3751      0.498    1512.79  101.71236    7.86343  0.000e+00
      7.661    20.6079    25.4796    17.3640 1.0745e+00     0.3763      0.502    1512.71  101.80071    7.87488  0.000e+00
      7.693    20.6148    25.4708    17.3556 1.0623e+00     0.3751      0.502    1512.72  101.83653    7.87705  0.000e+00
      7.710    20.6414    25.4444    17.3288 1.0745e+00     0.3726      0.502    1512.76  101.87417    7.87729  0.000e+00
      7.740    20.6441    25.4361    17.3218 1.0745e+00     0.3714      0.498    1512.76  101.90533    7.87969  0.000e+00
      7.757    20.6525    25.4253    17.3115 1.0745e+00     0.3702      0.491    1512.77  101.93255    7.88108  0.000e+00
      7.765    20.6489    25.4234    17.3110 1.0745e+00     0.3714      0.487    1512.76  101.95815    7.88366  0.000e+00
      7.805    20.6506    25.4214    17.3090 1.0867e+00     0.3751      0.491    1512.77  102.03856    7.88973  0.000e+00
      7.836    20.6580    25.4165    17.3034 1.0989e+00     0.3738      0.498    1512.78  102.06436    7.89087  0.000e+00
      7.841    20.6634    25.4118    17.2985 1.0989e+00     0.3714      0.498    1512.79  102.08481    7.89188  0.000e+00
      7.885    20.6675    25.4078    17.2944 1.0989e+00     0.3726      0.495    1512.80  102.16317    7.89751  0.000e+00
      7.913    20.6734    25.4041    17.2901 1.0989e+00     0.3751      0.487    1512.81  102.18609    7.89860  0.000e+00
      7.932    20.6724    25.4072    17.2927 1.1233e+00     0.3775      0.484    1512.81  102.20313    7.89992  0.000e+00
      7.961    20.6592    25.4189    17.3049 1.1355e+00     0.3751      0.484    1512.79  102.21386    7.90213  0.000e+00
      7.981    20.6454    25.4296    17.3165 1.1722e+00     0.3763      0.487    1512.76  102.28147    7.90888  0.000e+00
      8.009    20.6407    25.4350    17.3218 1.1477e+00     0.3763      0.495    1512.76  102.29414    7.91031  0.000e+00
      8.028    20.6300    25.4481    17.3345 1.1477e+00     0.3751      0.498    1512.74  102.30468    7.91209  0.000e+00
      8.057    20.6113    25.4677    17.3541 1.1477e+00     0.3763      0.505    1512.71  102.37152    7.91908  0.000e+00
      8.088    20.5794    25.4940    17.3822 1.1722e+00     0.3775      0.531    1512.65  102.38116    7.92329  0.000e+00
      8.101    20.5402    25.5241    17.4150 1.1722e+00     0.3775      0.549    1512.57  102.38413    7.92789  0.000e+00
      8.129    20.5139    25.5462    17.4384 1.1722e+00     0.3751      0.546    1512.53  102.38663    7.93093  0.000e+00
      8.161    20.4798    25.5732    17.4675 1.1722e+00     0.3726      0.531    1512.46  102.44507    7.93922  0.000e+00
      8.178    20.4251    25.6144    17.5126 1.1966e+00     0.3738      0.524    1512.35  102.44513    7.94538  0.000e+00
      8.197    20.3999    25.6316    17.5320 1.2210e+00     0.3726      0.527    1512.30  102.50424    7.95288  0.000e+00
      8.236    20.4265    25.6089    17.5080 1.2332e+00     0.3702      0.531    1512.35  102.51159    7.95058  0.000e+00
      8.257    20.4326    25.6011    17.5006 1.2576e+00     0.3714      0.527    1512.36  102.51473    7.95030  0.000e+00
      8.296    20.4251    25.6055    17.5059 1.2698e+00     0.3714      0.524    1512.34  102.57315    7.95572  0.000e+00
      8.280    20.4172    25.6112    17.5122 1.2698e+00     0.3690      0.516    1512.33  102.57409    7.95670  0.000e+00
      8.345    20.4046    25.6206    17.5225 1.2943e+00     0.3690      0.527    1512.30  102.57331    7.95807  0.000e+00
      8.353    20.3982    25.6269    17.5289 1.3065e+00     0.3690      0.553    1512.29  102.57001    7.95846  0.000e+00
      8.392    20.3935    25.6318    17.5338 1.3187e+00     0.3690      0.557    1512.29  102.62750    7.96338  0.000e+00
      8.413    20.3885    25.6370    17.5390 1.3309e+00     0.3702      0.538    1512.28  102.62800    7.96392  0.000e+00
      8.425    20.3806    25.6447    17.5468 1.3309e+00     0.3677      0.520    1512.26  102.62578    7.96456  0.000e+00
      8.465    20.3692    25.6542    17.5569 1.3431e+00     0.3690      0.513    1512.24  102.62127    7.96546  0.000e+00
      8.485    20.3581    25.6633    17.5666 1.3431e+00     0.3665      0.505    1512.22  102.61837    7.96645  0.000e+00
      8.526    20.3482    25.6725    17.5761 1.3309e+00     0.3665      0.502    1512.21  102.61365    7.96713  0.000e+00
      8.521    20.3275    25.6943    17.5979 1.3431e+00     0.3665      0.498    1512.17  102.60522    7.96852  0.000e+00
      8.573    20.2687    25.7414    17.6485 1.3431e+00     0.3665      0.498    1512.06  102.59618    7.97433  0.000e+00
      8.581    20.1968    25.7888    17.7025 1.3553e+00     0.3690      0.502    1511.91  102.58763    7.98213  0.000e+00
      8.605    20.1457    25.8220    17.7405 1.3675e+00     0.3677      0.513    1511.80  102.57925    7.98754  0.000e+00
      8.633    20.0944    25.8585    17.7811 1.3553e+00     0.3677      0.516    1511.70  102.56901    7.99268  0.000e+00
      8.677    20.0460    25.8950    17.8209 1.3675e+00     0.3690      0.513    1511.60  102.55735    7.99728  0.000e+00
      8.693    20.0131    25.9205    17.8484 1.3675e+00     0.3702      0.516    1511.53  102.49060    7.99579  0.000e+00
      8.712    19.9941    25.9369    17.8656 1.3797e+00     0.3690      0.524    1511.50  102.47792    7.99686  0.000e+00
      8.748    19.9229    25.9890    17.9230 1.3675e+00     0.3665      0.520    1511.35  102.51775    8.00819  0.000e+00
      8.765    19.8706    26.0298    17.9670 1.3675e+00     0.3641      0.513    1511.25  102.44442    8.00838  0.000e+00
      8.773    19.8537    26.0452    17.9829 1.3675e+00     0.3641      0.505    1511.22  102.48536    8.01338  0.000e+00
      8.825    19.8475    26.0512    17.9890 1.3797e+00     0.3641      0.502    1511.21  102.47602    8.01330  0.000e+00
      8.844    19.8396    26.0569    17.9953 1.3797e+00     0.3628      0.502    1511.19  102.46456    8.01332  0.000e+00
      8.880    19.8328    26.0605    17.9997 1.3919e+00     0.3616      0.498    1511.18  102.45186    8.01317  0.000e+00
      8.873    19.8418    26.0507    17.9900 1.3919e+00     0.3616      0.498    1511.19  102.38430    8.00701  0.000e+00
      8.916    19.9146    25.9929    17.9280 1.3797e+00     0.3628      0.498    1511.34  102.37638    7.99820  0.000e+00
      8.945    19.9891    25.9355    17.8658 1.3797e+00     0.3628      0.509    1511.49  102.42584    7.99362  0.000e+00
      8.951    20.0216    25.9107    17.8389 1.3797e+00     0.3616      0.553    1511.55  102.35701    7.98457  0.000e+00
      8.976    20.0253    25.9084    17.8362 1.3675e+00     0.3616      0.667    1511.56  102.39737    7.98727  0.000e+00
      9.016    20.0147    25.9178    17.8460 1.3797e+00     0.3628      0.711    1511.54  102.38085    7.98712  0.000e+00
      9.025    19.9889    25.9440    17.8723 1.3675e+00     0.3616      0.659    1511.50  102.36535    7.98853  0.000e+00
      9.052    19.9125    26.0107    17.9420 1.3675e+00     0.3628      0.601    1511.35  102.40249    7.99971  0.000e+00
      9.072    19.8071    26.0940    18.0315 1.3675e+00     0.3641      0.560    1511.15  102.38096    8.00991  0.000e+00
      9.108    19.7470    26.1396    18.0810 1.3797e+00     0.3641      0.542    1511.02  102.36688    8.01567  0.000e+00
      9.112    19.7201    26.1587    18.1022 1.3797e+00     0.3653      0.535    1510.97  102.41284    8.02242  0.000e+00
      9.132    19.7177    26.1601    18.1039 1.3797e+00     0.3641      0.531    1510.96  102.40558    8.02216  0.000e+00
      9.181    19.7232    26.1578    18.1008 1.3919e+00     0.3665      0.531    1510.98  102.39810    8.02084  0.000e+00
      9.186    19.7059    26.1719    18.1158 1.3919e+00     0.3665      0.535    1510.94  102.39077    8.02221  0.000e+00
      9.216    19.7050    26.1737    18.1174 1.3919e+00     0.3665      0.531    1510.94  102.44266    8.02633  0.000e+00
      9.233    19.7343    26.1513    18.0931 1.3919e+00     0.3641      0.527    1511.00  102.44156    8.02289  0.000e+00
      9.264    19.7571    26.1297    18.0711 1.3797e+00     0.3641      0.520    1511.05  102.44297    8.02058  0.000e+00
      9.288    19.7741    26.1138    18.0548 1.3797e+00     0.3653      0.520    1511.08  102.44252    8.01874  0.000e+00
      9.293    19.7838    26.1068    18.0470 1.3675e+00     0.3641      0.524    1511.10  102.49840    8.02199  0.000e+00
      9.337    19.7969    26.0980    18.0371 1.3675e+00     0.3628      0.527    1511.13  102.44089    8.01593  0.000e+00
      9.337    19.7862    26.1088    18.0480 1.3797e+00     0.3616      0.527    1511.11  102.43794    8.01680  0.000e+00
      9.377    19.7660    26.1279    18.0674 1.3919e+00     0.3616      0.520    1511.07  102.43354    8.01859  0.000e+00
      9.384    19.7686    26.1287    18.0675 1.3919e+00     0.3580      0.520    1511.08  102.43423    8.01821  0.000e+00
      9.420    19.7470    26.1408    18.0820 1.3919e+00     0.3580      0.516    1511.03  102.43204    8.02073  0.000e+00
      9.438    19.6843    26.1842    18.1305 1.3919e+00     0.3567      0.524    1510.90  102.42476    8.02754  0.000e+00
      9.468    19.6504    26.2193    18.1656 1.3919e+00     0.3555      0.524    1510.84  102.36542    8.02633  0.000e+00
      9.491    19.5845    26.2891    18.2348 1.4164e+00     0.3555      0.524    1510.73  102.29817    8.02769  0.000e+00
      9.485    19.4389    26.4181    18.3688 1.4286e+00     0.3555      0.520    1510.46  102.27681    8.04190  0.000e+00
      9.529    19.3077    26.5273    18.4839 1.4286e+00     0.3567      0.520    1510.20  102.25716    8.05508  0.000e+00
      9.564    19.2460    26.5745    18.5349 1.4164e+00     0.3555      0.520    1510.07  102.24816    8.06150  0.000e+00
      9.569    19.2306    26.5817    18.5442 1.4164e+00     0.3555      0.527    1510.04  102.18447    8.05848  0.000e+00
      9.600    19.2204    26.5858    18.5498 1.4042e+00     0.3567      0.549    1510.01  102.17592    8.05916  0.000e+00
      9.611    19.1979    26.6055    18.5702 1.4042e+00     0.3616      0.571    1509.97  102.10736    8.05624  0.000e+00
      9.629    19.1498    26.6482    18.6144 1.4164e+00     0.3616      0.560    1509.88  102.03230    8.05560  0.000e+00
      9.647    19.0813    26.7043    18.6737 1.4286e+00     0.3616      0.546    1509.74  102.00986    8.06161  0.000e+00
      9.685    19.0306    26.7473    18.7188 1.4286e+00     0.3616      0.535    1509.64  101.98971    8.06570  0.000e+00
      9.714    19.0043    26.7713    18.7434 1.4164e+00     0.3616      0.531    1509.59  101.91355    8.06254  0.000e+00
      9.732    19.0058    26.7724    18.7439 1.4286e+00     0.3628      0.531    1509.60  101.83621    8.05614  0.000e+00
      9.743    19.0176    26.7610    18.7323 1.4164e+00     0.3616      0.542    1509.62  101.81485    8.05319  0.000e+00
      9.768    19.0199    26.7572    18.7289 1.4164e+00     0.3604      0.546    1509.62  101.79343    8.05133  0.000e+00
      9.797    18.9786    26.8034    18.7740 1.4042e+00     0.3604      0.549    1509.56  101.70973    8.04880  0.000e+00
      9.803    18.9116    26.8786    18.8475 1.3919e+00     0.3604      0.542    1509.45  101.67372    8.05259  0.000e+00
      9.839    18.8701    26.9130    18.8837 1.3919e+00     0.3580      0.531    1509.36  101.64133    8.05472  0.000e+00
      9.846    18.8934    26.8892    18.8600 1.4164e+00     0.3592      0.524    1509.40  101.56188    8.04600  0.000e+00
      9.888    18.9234    26.8737    18.8409 1.4164e+00     0.3580      0.520    1509.48  101.53455    8.03999  0.000e+00
      9.912    18.8681    26.9284    18.8960 1.4164e+00     0.3567      0.520    1509.38  101.50323    8.04335  0.000e+00
      9.893    18.8008    26.9903    18.9593 1.4164e+00     0.3555      0.531    1509.25  101.47104    8.04812  0.000e+00
      9.948    18.7598    27.0248    18.9954 1.3919e+00     0.3555      0.538    1509.17  101.44363    8.05056  0.000e+00
