Rawdata/2018_07_17/VT65_20180718_down.cnv
* Sea-Bird SBE 9 Data File:
* FileName = C:\CTD Brukere\NIVA\OKOKYST2018\2018_07_17\VT65_20180718.hdr
* Software Version Seasave V 7.21f
* Temperature SN = 5352
* Conductivity SN = 3840
* Number of Bytes Per Scan = 28
* Number of Voltage Words = 4
* Number of Scans Averaged by the Deck Unit = 1
* NMEA baud rate = 4800
** Ship: R/V Trygve Braarud
** Cruise:
** Station:
** Operator:
# nquan = 11
# nvalues = 16348                                 
# units = specified
# name 0 = depSM: Depth [salt water, m], lat = 0.00
# name 1 = t090C: Temperature [ITS-90, deg C]
# name 2 = sal00: Salinity, Practical [PSU]
# name 3 = sigma-t00: Density [sigma-t, Kg/m^3 ]
# name 4 = flSP: Fluorescence, Seapoint
# name 5 = wetStar: Fluorescence, WET Labs WETstar [mg/m^3]
# name 6 = seaTurbMtr: Turbidity, Seapoint [FTU]
# name 7 = svCM: Sound Velocity [Chen-Millero, m/s]
# name 8 = sbeox0PS: Oxygen, SBE 43 [% saturation]
# name 9 = sbeox0Mg/L: Oxygen, SBE 43 [mg/l]
# name 10 = flag:  0.000e+00
# span 0 =     -0.026,    351.667                 
# span 1 =     6.5871,    21.2856                 
# span 2 =    24.8580,    34.9259                 
# span 3 =    16.7200,    27.3875                 
# span 4 = 1.2210e-01, 4.1880e+00                 
# span 5 =    -0.0047,     0.3775                 
# span 6 =      0.425,      1.403                 
# span 7 =    1476.20,    1513.80                 
# span 8 =   78.13724,  109.27049                 
# span 9 =    7.60726,    9.09452                 
# span 10 = 0.0000e+00, 0.0000e+00                
# interval = seconds: 0.0416667
# start_time = Jul 18 2018 12:26:43 [System UTC, first data scan.]
# bad_flag = -9.990e-29
*END*
[from data line 5509]
    109.736     6.9919    34.8279    27.2844 1.3431e-01     0.2237      0.542    1480.22   80.38483    7.76571  0.000e+00
    109.741     6.9919    34.8285    27.2848 1.3431e-01     0.2224      0.531    1480.22   80.39907    7.76705  0.000e+00
    109.774     6.9920    34.8280    27.2844 1.3431e-01     0.2224      0.527    1480.22   80.41455    7.76856  0.000e+00
    109.821     6.9919    34.8279    27.2844 1.3431e-01     0.2224      0.524    1480.22   80.42312    7.76941  0.000e+00
    109.839     6.9921    34.8280    27.2844 1.4652e-01     0.2261      0.524    1480.22   80.43200    7.77023  0.000e+00
    109.871     6.9918    34.8281    27.2845 1.3431e-01     0.2237      0.527    1480.22   80.44171    7.77122  0.000e+00
    109.907     6.9918    34.8283    27.2847 1.3431e-01     0.2237      0.546    1480.23   80.45208    7.77221  0.000e+00
    109.925     6.9922    34.8282    27.2846 1.4652e-01     0.2200      0.557    1480.23   80.46287    7.77319  0.000e+00
    109.944     6.9918    34.8285    27.2848 1.3431e-01     0.2188      0.546    1480.23   80.47440    7.77436  0.000e+00
    109.980     6.9919    34.8282    27.2846 1.3431e-01     0.2188      0.531    1480.23   80.48670    7.77553  0.000e+00
    110.010     6.9919    34.8284    27.2848 1.3431e-01     0.2188      0.524    1480.23   80.49958    7.77677  0.000e+00
    110.041     6.9921    34.8286    27.2849 1.3431e-01     0.2175      0.520    1480.23   80.51311    7.77804  0.000e+00
    110.066     6.9920    34.8282    27.2846 1.3431e-01     0.2212      0.520    1480.23   80.51918    7.77865  0.000e+00
    110.084     6.9921    34.8282    27.2846 1.4652e-01     0.2224      0.520    1480.23   80.53355    7.78003  0.000e+00
    110.115     6.9921    34.8283    27.2847 1.3431e-01     0.2237      0.531    1480.23   80.54065    7.78071  0.000e+00
    110.139     6.9921    34.8283    27.2847 1.4652e-01     0.2237      0.546    1480.23   80.54800    7.78142  0.000e+00
    110.156     6.9923    34.8281    27.2845 1.4652e-01     0.2224      0.553    1480.23   80.49282    7.77607  0.000e+00
    110.212     6.9922    34.8282    27.2846 1.3431e-01     0.2200      0.553    1480.23   80.55649    7.78223  0.000e+00
    110.225     6.9926    34.8278    27.2842 1.3431e-01     0.2200      0.549    1480.23   80.50221    7.77694  0.000e+00
    110.248     6.9926    34.8282    27.2845 1.3431e-01     0.2237      0.549    1480.23   80.49568    7.77628  0.000e+00
    110.279     6.9921    34.8287    27.2850 1.3431e-01     0.2237      0.549    1480.23   80.56043    7.78260  0.000e+00
    110.297     6.9921    34.8286    27.2849 1.3431e-01     0.2224      0.549    1480.23   80.57029    7.78356  0.000e+00
    110.321     6.9923    34.8283    27.2846 1.3431e-01     0.2224      0.549    1480.23   80.51776    7.77846  0.000e+00
    110.351     6.9923    34.8284    27.2847 1.4652e-01     0.2212      0.553    1480.23   80.57567    7.78406  0.000e+00
    110.371     6.9921    34.8290    27.2852 1.3431e-01     0.2224      0.549    1480.24   80.52379    7.77905  0.000e+00
    110.395     6.9921    34.8288    27.2850 1.3431e-01     0.2237      0.546    1480.24   80.51953    7.77865  0.000e+00
    110.420     6.9923    34.8288    27.2850 1.3431e-01     0.2249      0.538    1480.24   80.57833    7.78429  0.000e+00
    110.449     6.9923    34.8287    27.2849 1.3431e-01     0.2237      0.535    1480.24   80.51942    7.77860  0.000e+00
    110.467     6.9923    34.8286    27.2849 1.3431e-01     0.2237      0.535    1480.24   80.57851    7.78432  0.000e+00
    110.492     6.9921    34.8291    27.2853 1.3431e-01     0.2237      0.538    1480.24   80.51990    7.77867  0.000e+00
    110.528     6.9924    34.8288    27.2850 1.3431e-01     0.2224      0.538    1480.24   80.50863    7.77753  0.000e+00
    110.546     6.9924    34.8286    27.2848 1.3431e-01     0.2249      0.527    1480.24   80.56803    7.78328  0.000e+00
    110.577     6.9922    34.8292    27.2853 1.3431e-01     0.2237      0.524    1480.24   80.50981    7.77767  0.000e+00
    110.590     6.9924    34.8289    27.2851 1.3431e-01     0.2237      0.516    1480.24   80.50670    7.77734  0.000e+00
    110.626     6.9923    34.8289    27.2851 1.3431e-01     0.2212      0.520    1480.24   80.49613    7.77635  0.000e+00
    110.644     6.9923    34.8286    27.2849 1.3431e-01     0.2212      0.535    1480.24   80.48535    7.77532  0.000e+00
    110.662     6.9923    34.8294    27.2855 1.3431e-01     0.2212      0.527    1480.24   80.48264    7.77502  0.000e+00
    110.687     6.9923    34.8290    27.2851 1.3431e-01     0.2224      0.520    1480.24   80.48031    7.77481  0.000e+00
    110.712     6.9923    34.8291    27.2852 1.3431e-01     0.2237      0.516    1480.24   80.41555    7.76855  0.000e+00
    110.741     6.9923    34.8287    27.2850 1.3431e-01     0.2224      0.513    1480.24   80.46927    7.77376  0.000e+00
    110.761     6.9921    34.8292    27.2853 1.4652e-01     0.2237      0.516    1480.24   80.46820    7.77367  0.000e+00
    110.797     6.9924    34.8292    27.2853 1.3431e-01     0.2237      0.516    1480.24   80.46758    7.77355  0.000e+00
    110.821     6.9922    34.8291    27.2853 1.3431e-01     0.2224      0.520    1480.24   80.39639    7.76672  0.000e+00
    110.826     6.9921    34.8295    27.2856 1.4652e-01     0.2188      0.516    1480.24   80.38033    7.76517  0.000e+00
    110.871     6.9923    34.8293    27.2854 1.3431e-01     0.2163      0.513    1480.24   80.37302    7.76444  0.000e+00
    110.871     6.9923    34.8294    27.2855 1.3431e-01     0.2163      0.516    1480.24   80.36593    7.76374  0.000e+00
    110.918     6.9926    34.8291    27.2852 1.3431e-01     0.2175      0.520    1480.25   80.35994    7.76312  0.000e+00
    110.931     6.9925    34.8288    27.2850 1.3431e-01     0.2188      0.524    1480.25   80.35428    7.76262  0.000e+00
    110.949     6.9923    34.8292    27.2854 1.3431e-01     0.2188      0.516    1480.25   80.34933    7.76215  0.000e+00
    110.979     6.9926    34.8288    27.2850 1.3431e-01     0.2200      0.513    1480.25   80.34509    7.76171  0.000e+00
    111.003     6.9923    34.8293    27.2854 1.3431e-01     0.2200      0.513    1480.25   80.34151    7.76139  0.000e+00
    111.028     6.9924    34.8292    27.2853 1.4652e-01     0.2200      0.516    1480.25   80.33852    7.76108  0.000e+00
    111.046     6.9922    34.8295    27.2856 1.3431e-01     0.2200      0.524    1480.25   80.27339    7.75482  0.000e+00
    111.077     6.9923    34.8289    27.2851 1.3431e-01     0.2188      0.531    1480.25   80.26435    7.75396  0.000e+00
    111.089     6.9921    34.8292    27.2853 1.3431e-01     0.2188      0.527    1480.25   80.25611    7.75318  0.000e+00
    111.126     6.9921    34.8295    27.2856 1.3431e-01     0.2212      0.524    1480.25   80.24908    7.75249  0.000e+00
    111.138     6.9919    34.8294    27.2856 1.4652e-01     0.2224      0.520    1480.25   80.24276    7.75191  0.000e+00
    111.167     6.9920    34.8292    27.2854 1.3431e-01     0.2224      0.516    1480.25   80.23757    7.75140  0.000e+00
    111.187     6.9919    34.8293    27.2855 1.3431e-01     0.2188      0.516    1480.25   80.23327    7.75100  0.000e+00
    111.223     6.9919    34.8293    27.2855 1.3431e-01     0.2188      0.520    1480.25   80.23010    7.75069  0.000e+00
    111.235     6.9919    34.8293    27.2855 1.3431e-01     0.2212      0.520    1480.25   80.22764    7.75045  0.000e+00
    111.259     6.9918    34.8294    27.2856 1.3431e-01     0.2200      0.516    1480.25   80.22630    7.75034  0.000e+00
    111.277     6.9919    34.8293    27.2855 1.3431e-01     0.2212      0.516    1480.25   80.28859    7.75635  0.000e+00
    111.322     6.9919    34.8293    27.2854 1.3431e-01     0.2224      0.516    1480.25   80.23403    7.75107  0.000e+00
    111.333     6.9918    34.8294    27.2856 1.3431e-01     0.2237      0.520    1480.25   80.23513    7.75120  0.000e+00
    111.344     6.9918    34.8297    27.2858 1.4652e-01     0.2261      0.524    1480.25   80.22912    7.75060  0.000e+00
    111.382     6.9915    34.8293    27.2855 1.4652e-01     0.2249      0.520    1480.25   80.29489    7.75703  0.000e+00
    111.407     6.9912    34.8293    27.2855 1.3431e-01     0.2261      0.520    1480.25   80.23531    7.75132  0.000e+00
    111.425     6.9910    34.8295    27.2858 1.3431e-01     0.2273      0.524    1480.25   80.23133    7.75097  0.000e+00
    111.454     6.9912    34.8296    27.2858 1.3431e-01     0.2273      0.527    1480.25   80.23613    7.75139  0.000e+00
    111.467     6.9912    34.8296    27.2858 1.3431e-01     0.2273      0.524    1480.25   80.30452    7.75800  0.000e+00
    111.492     6.9912    34.8298    27.2860 1.3431e-01     0.2249      0.516    1480.25   80.24782    7.75251  0.000e+00
    111.515     6.9912    34.8294    27.2856 1.4652e-01     0.2249      0.509    1480.25   80.25483    7.75320  0.000e+00
    111.540     6.9912    34.8295    27.2857 1.3431e-01     0.2273      0.505    1480.25   80.25477    7.75320  0.000e+00
    111.559     6.9907    34.8301    27.2863 1.3431e-01     0.2285      0.509    1480.25   80.25535    7.75331  0.000e+00
    111.600     6.9907    34.8296    27.2859 1.3431e-01     0.2249      0.509    1480.25   80.26481    7.75425  0.000e+00
    111.600     6.9907    34.8294    27.2857 1.3431e-01     0.2237      0.509    1480.25   80.26674    7.75445  0.000e+00
    111.625     6.9905    34.8296    27.2859 1.3431e-01     0.2200      0.509    1480.25   80.27767    7.75553  0.000e+00
    111.663     6.9904    34.8299    27.2862 1.3431e-01     0.2188      0.505    1480.25   80.28162    7.75591  0.000e+00
    111.686     6.9900    34.8301    27.2863 1.3431e-01     0.2200      0.513    1480.25   80.28609    7.75640  0.000e+00
    111.710     6.9897    34.8300    27.2864 1.3431e-01     0.2212      0.520    1480.25   80.29929    7.75773  0.000e+00
    111.730     6.9897    34.8302    27.2865 1.4652e-01     0.2224      0.527    1480.25   80.30530    7.75831  0.000e+00
    111.748     6.9893    34.8306    27.2869 1.3431e-01     0.2200      0.524    1480.25   80.31198    7.75899  0.000e+00
    111.784     6.9894    34.8303    27.2866 1.3431e-01     0.2200      0.524    1480.25   80.31945    7.75972  0.000e+00
    111.795     6.9892    34.8304    27.2867 1.4652e-01     0.2200      0.546    1480.25   80.32733    7.76051  0.000e+00
    111.845     6.9891    34.8302    27.2866 1.4652e-01     0.2188      0.553    1480.25   80.33625    7.76140  0.000e+00
    111.845     6.9891    34.8309    27.2871 1.4652e-01     0.2200      0.553    1480.25   80.34529    7.76224  0.000e+00
    111.881     6.9893    34.8304    27.2867 1.4652e-01     0.2200      0.557    1480.25   80.34725    7.76241  0.000e+00
    111.912     6.9889    34.8307    27.2870 1.4652e-01     0.2224      0.568    1480.25   80.35763    7.76348  0.000e+00
    111.930     6.9889    34.8312    27.2873 1.4652e-01     0.2212      0.575    1480.25   80.36847    7.76450  0.000e+00
    111.966     6.9886    34.8316    27.2878 1.4652e-01     0.2200      0.575    1480.25   80.38017    7.76566  0.000e+00
    111.979     6.9886    34.8314    27.2876 1.4652e-01     0.2212      0.560    1480.25   80.38418    7.76606  0.000e+00
    112.004     6.9887    34.8311    27.2874 1.3431e-01     0.2237      0.549    1480.25   80.38862    7.76648  0.000e+00
    112.028     6.9885    34.8315    27.2877 1.3431e-01     0.2224      0.542    1480.25   80.39342    7.76696  0.000e+00
    112.064     6.9886    34.8316    27.2877 1.3431e-01     0.2237      0.535    1480.25   80.39863    7.76745  0.000e+00
    112.089     6.9889    34.8313    27.2874 1.3431e-01     0.2224      0.527    1480.25   80.40402    7.76793  0.000e+00
    112.100     6.9892    34.8309    27.2871 1.4652e-01     0.2237      0.520    1480.25   80.40959    7.76843  0.000e+00
    112.132     6.9889    34.8313    27.2874 1.3431e-01     0.2224      0.520    1480.25   80.41576    7.76907  0.000e+00
    112.161     6.9887    34.8319    27.2880 1.3431e-01     0.2237      0.516    1480.26   80.42222    7.76969  0.000e+00
    112.186     6.9889    34.8314    27.2876 1.3431e-01     0.2249      0.516    1480.26   80.42891    7.77033  0.000e+00
    112.210     6.9887    34.8318    27.2879 1.4652e-01     0.2224      0.520    1480.26   80.43596    7.77102  0.000e+00
    112.246     6.9889    34.8313    27.2875 1.3431e-01     0.2200      0.520    1480.26   80.43536    7.77096  0.000e+00
    112.271     6.9887    34.8313    27.2875 1.3431e-01     0.2188      0.516    1480.26   80.43466    7.77092  0.000e+00
    112.284     6.9885    34.8320    27.2881 1.3431e-01     0.2188      0.520    1480.26   80.43385    7.77084  0.000e+00
    112.332     6.9887    34.8315    27.2877 1.4652e-01     0.2188      0.527    1480.26   80.43336    7.77078  0.000e+00
    112.332     6.9886    34.8317    27.2879 1.4652e-01     0.2200      0.527    1480.26   80.43241    7.77071  0.000e+00
    112.381     6.9887    34.8321    27.2881 1.4652e-01     0.2200      0.520    1480.26   80.43194    7.77061  0.000e+00
    112.394     6.9898    34.8330    27.2887 1.3431e-01     0.2188      0.513    1480.26   80.43099    7.77028  0.000e+00
    112.412     6.9910    34.8340    27.2893 1.4652e-01     0.2188      0.513    1480.27   80.43008    7.76994  0.000e+00
    112.466     6.9919    34.8357    27.2905 1.3431e-01     0.2188      0.513    1480.28   80.42958    7.76964  0.000e+00
    112.491     6.9934    34.8367    27.2911 1.3431e-01     0.2224      0.516    1480.28   80.42870    7.76924  0.000e+00
    112.515     6.9948    34.8371    27.2912 1.3431e-01     0.2224      0.520    1480.29   80.43590    7.76966  0.000e+00
    112.527     6.9954    34.8375    27.2914 1.4652e-01     0.2212      0.524    1480.29   80.43531    7.76947  0.000e+00
    112.576     6.9963    34.8366    27.2906 1.3431e-01     0.2212      0.524    1480.30   80.43508    7.76934  0.000e+00
    112.576     6.9961    34.8364    27.2905 1.3431e-01     0.2224      0.520    1480.30   80.43446    7.76933  0.000e+00
    112.612     6.9956    34.8359    27.2902 1.3431e-01     0.2224      0.516    1480.29   80.44231    7.77019  0.000e+00
    112.650     6.9954    34.8354    27.2898 1.3431e-01     0.2237      0.516    1480.29   80.44241    7.77027  0.000e+00
    112.661     6.9953    34.8356    27.2900 1.3431e-01     0.2237      0.513    1480.29   80.44222    7.77026  0.000e+00
    112.697     6.9952    34.8352    27.2897 1.3431e-01     0.2249      0.516    1480.29   80.44229    7.77031  0.000e+00
    112.722     6.9951    34.8351    27.2896 1.4652e-01     0.2261      0.524    1480.29   80.45029    7.77110  0.000e+00
    112.771     6.9950    34.8355    27.2899 1.3431e-01     0.2249      0.542    1480.29   80.45083    7.77115  0.000e+00
    112.784     6.9951    34.8356    27.2900 1.3431e-01     0.2261      0.553    1480.29   80.45095    7.77113  0.000e+00
    112.820     6.9956    34.8369    27.2909 1.3431e-01     0.2237      0.549    1480.30   80.45127    7.77101  0.000e+00
    112.832     6.9964    34.8381    27.2917 1.3431e-01     0.2237      0.535    1480.30   80.45130    7.77081  0.000e+00
    112.856     6.9971    34.8382    27.2917 1.3431e-01     0.2237      0.542    1480.31   80.45149    7.77071  0.000e+00
    112.892     6.9974    34.8378    27.2914 1.3431e-01     0.2237      0.553    1480.31   80.45183    7.77071  0.000e+00
    112.917     6.9974    34.8371    27.2909 1.3431e-01     0.2224      0.542    1480.31   80.45209    7.77077  0.000e+00
    112.955     6.9969    34.8368    27.2907 1.3431e-01     0.2249      0.535    1480.31   80.45253    7.77091  0.000e+00
    112.978     6.9966    34.8362    27.2903 1.3431e-01     0.2237      0.535    1480.30   80.45281    7.77102  0.000e+00
    113.002     6.9956    34.8355    27.2899 1.3431e-01     0.2224      0.531    1480.30   80.45317    7.77126  0.000e+00
