Rawdata/2018_07_17/VT65_20180718_down.cnv
* Sea-Bird SBE 9 Data File:
* FileName = C:\CTD Brukere\NIVA\OKOKYST2018\2018_07_17\VT65_20180718.hdr
* Software Version Seasave V 7.21f
* Temperature SN = 5352
* Conductivity SN = 3840
* Number of Bytes Per Scan = 28
* Number of Voltage Words = 4
* Number of Scans Averaged by the Deck Unit = 1
* NMEA baud rate = 4800
** Ship: R/V Trygve Braarud
** Cruise:
** Station:
** Operator:
# nquan = 11
# nvalues = 16348                                 
# units = specified
# name 0 = depSM: Depth [salt water, m], lat = 0.00
# name 1 = t090C: Temperature [ITS-90, deg C]
# name 2 = sal00: Salinity, Practical [PSU]
# name 3 = sigma-t00: Density [sigma-t, Kg/m^3 ]
# name 4 = flSP: Fluorescence, Seapoint
# name 5 = wetStar: Fluorescence, WET Labs WETstar [mg/m^3]
# name 6 = seaTurbMtr: Turbidity, Seapoint [FTU]
# name 7 = svCM: Sound Velocity [Chen-Millero, m/s]
# name 8 = sbeox0PS: Oxygen, SBE 43 [% saturation]
# name 9 = sbeox0Mg/L: Oxygen, SBE 43 [mg/l]
# name 10 = flag:  0.000e+00
# span 0 =     -0.026,    351.667                 
# span 1 =     6.5871,    21.2856                 
# span 2 =    24.8580,    34.9259                 
# span 3 =    16.7200,    27.3875                 
# span 4 = 1.2210e-01, 4.1880e+00                 
# span 5 =    -0.0047,     0.3775                 
# span 6 =      0.425,      1.403                 
# span 7 =    1476.20,    1513.80                 
# span 8 =   78.13724,  109.27049                 
# span 9 =    7.60726,    9.09452                 
# span 10 = 0.0000e+00, 0.0000e+00                
# interval = seconds: 0.0416667
# start_time = Jul 18 2018 12:26:43 [System UTC, first data scan.]
# bad_flag = -9.990e-29
*END*
[from data line 6820]
    142.434     6.9888    34.8905    27.3341 1.3431e-01     0.2114      0.538    1480.83   81.34734    7.85602  0.000e+00
    142.434     6.9889    34.8909    27.3344 1.3431e-01     0.2102      0.531    1480.83   81.35027    7.85627  0.000e+00
    142.482     6.9892    34.8904    27.3340 1.3431e-01     0.2127      0.527    1480.83   81.35432    7.85662  0.000e+00
    142.495     6.9892    34.8904    27.3340 1.3431e-01     0.2139      0.527    1480.83   81.42178    7.86314  0.000e+00
    142.512     6.9894    34.8904    27.3340 1.3431e-01     0.2151      0.520    1480.83   81.37124    7.85823  0.000e+00
    142.544     6.9894    34.8905    27.3341 1.3431e-01     0.2139      0.516    1480.83   81.37681    7.85876  0.000e+00
    142.556     6.9895    34.8906    27.3341 1.4652e-01     0.2151      0.516    1480.83   81.37464    7.85853  0.000e+00
    142.592     6.9897    34.8903    27.3338 1.4652e-01     0.2139      0.516    1480.83   81.38119    7.85914  0.000e+00
    142.617     6.9895    34.8905    27.3341 1.4652e-01     0.2127      0.516    1480.84   81.38831    7.85984  0.000e+00
    142.630     6.9895    34.8909    27.3343 1.4652e-01     0.2127      0.520    1480.84   81.39595    7.86056  0.000e+00
    142.666     6.9898    34.8904    27.3339 1.3431e-01     0.2114      0.524    1480.84   81.40445    7.86135  0.000e+00
    142.679     6.9896    34.8910    27.3344 1.3431e-01     0.2127      0.524    1480.84   81.40527    7.86144  0.000e+00
    142.702     6.9897    34.8906    27.3341 1.3431e-01     0.2102      0.520    1480.84   81.40648    7.86156  0.000e+00
    142.715     6.9898    34.8905    27.3340 1.3431e-01     0.2078      0.516    1480.84   81.40791    7.86168  0.000e+00
    142.765     6.9895    34.8909    27.3344 1.3431e-01     0.2090      0.516    1480.84   81.41009    7.86192  0.000e+00
    142.776     6.9897    34.8908    27.3342 1.3431e-01     0.2114      0.520    1480.84   81.47524    7.86820  0.000e+00
    142.789     6.9898    34.8909    27.3343 1.3431e-01     0.2102      0.524    1480.84   81.48515    7.86913  0.000e+00
    142.829     6.9897    34.8906    27.3340 1.3431e-01     0.2114      0.527    1480.84   81.43228    7.86406  0.000e+00
    142.850     6.9897    34.8906    27.3341 1.4652e-01     0.2139      0.527    1480.84   81.49787    7.87039  0.000e+00
    142.862     6.9900    34.8906    27.3341 1.3431e-01     0.2127      0.542    1480.84   81.50807    7.87132  0.000e+00
    142.900     6.9898    34.8909    27.3343 1.3431e-01     0.2127      0.597    1480.84   81.51859    7.87235  0.000e+00
    142.911     6.9901    34.8909    27.3343 1.3431e-01     0.2102      0.663    1480.84   81.52879    7.87329  0.000e+00
    142.947     6.9900    34.8913    27.3346 1.3431e-01     0.2114      0.674    1480.84   81.53929    7.87430  0.000e+00
    142.960     6.9902    34.8909    27.3343 1.4652e-01     0.2102      0.641    1480.84   81.54137    7.87448  0.000e+00
    142.985     6.9902    34.8908    27.3342 1.3431e-01     0.2102      0.604    1480.84   81.55141    7.87546  0.000e+00
    143.021     6.9900    34.8910    27.3344 1.4652e-01     0.2102      0.579    1480.84   81.56160    7.87647  0.000e+00
    143.034     6.9905    34.8906    27.3339 1.3431e-01     0.2090      0.568    1480.85   81.57147    7.87736  0.000e+00
    143.057     6.9902    34.8905    27.3340 1.3431e-01     0.2127      0.575    1480.84   81.58152    7.87838  0.000e+00
    143.082     6.9904    34.8911    27.3344 1.3431e-01     0.2127      0.568    1480.85   81.59155    7.87929  0.000e+00
    143.095     6.9905    34.8912    27.3345 1.3431e-01     0.2127      0.557    1480.85   81.60146    7.88022  0.000e+00
    143.131     6.9904    34.8908    27.3341 1.3431e-01     0.2127      0.546    1480.85   81.61164    7.88125  0.000e+00
    143.145     6.9905    34.8907    27.3341 1.3431e-01     0.2114      0.538    1480.85   81.67648    7.88749  0.000e+00
    143.181     6.9903    34.8913    27.3345 1.4652e-01     0.2127      0.538    1480.85   81.68569    7.88839  0.000e+00
    143.205     6.9908    34.8911    27.3343 1.3431e-01     0.2151      0.535    1480.85   81.69405    7.88911  0.000e+00
    143.217     6.9912    34.8919    27.3349 1.3431e-01     0.2139      0.531    1480.85   81.70978    7.89052  0.000e+00
    143.255     6.9915    34.8919    27.3348 1.3431e-01     0.2163      0.535    1480.85   81.71732    7.89120  0.000e+00
    143.266     6.9921    34.8921    27.3349 1.3431e-01     0.2163      0.535    1480.86   81.72389    7.89171  0.000e+00
    143.302     6.9930    34.8916    27.3344 1.3431e-01     0.2163      0.535    1480.86   81.73003    7.89216  0.000e+00
    143.315     6.9934    34.8923    27.3349 1.3431e-01     0.2151      0.527    1480.86   81.73534    7.89256  0.000e+00
    143.340     6.9937    34.8926    27.3351 1.3431e-01     0.2139      0.524    1480.87   81.74014    7.89296  0.000e+00
    143.376     6.9943    34.8921    27.3346 1.3431e-01     0.2139      0.520    1480.87   81.74436    7.89328  0.000e+00
    143.401     6.9939    34.8927    27.3352 1.3431e-01     0.2102      0.520    1480.87   81.74793    7.89367  0.000e+00
    143.414     6.9945    34.8924    27.3349 1.3431e-01     0.2102      0.524    1480.87   81.75876    7.89462  0.000e+00
    143.450     6.9956    34.8927    27.3349 1.3431e-01     0.2114      0.527    1480.88   81.76129    7.89465  0.000e+00
    143.462     6.9962    34.8928    27.3349 1.3431e-01     0.2139      0.553    1480.88   81.76297    7.89470  0.000e+00
    143.500     6.9962    34.8918    27.3341 1.3431e-01     0.2139      0.564    1480.88   81.76435    7.89488  0.000e+00
    143.500     6.9970    34.8942    27.3359 1.3431e-01     0.2114      0.557    1480.88   81.76460    7.89465  0.000e+00
    143.549     6.9999    34.8954    27.3364 1.3431e-01     0.2114      0.553    1480.90   81.83567    7.90092  0.000e+00
    143.560     7.0022    34.8954    27.3361 1.3431e-01     0.2127      0.553    1480.91   81.84236    7.90115  0.000e+00
    143.585     7.0033    34.8951    27.3357 1.3431e-01     0.2127      0.553    1480.91   81.84836    7.90154  0.000e+00
    143.610     7.0036    34.8945    27.3352 1.3431e-01     0.2127      0.549    1480.91   81.85347    7.90201  0.000e+00
    143.646     7.0036    34.8944    27.3351 1.3431e-01     0.2139      0.546    1480.91   81.85777    7.90243  0.000e+00
    143.671     7.0038    34.8942    27.3350 1.3431e-01     0.2139      0.542    1480.91   81.86910    7.90351  0.000e+00
    143.695     7.0042    34.8945    27.3351 1.3431e-01     0.2114      0.549    1480.91   81.87159    7.90365  0.000e+00
    143.720     7.0058    34.8952    27.3355 1.3431e-01     0.2139      0.557    1480.92   81.87295    7.90345  0.000e+00
    143.731     7.0090    34.8967    27.3362 1.3431e-01     0.2139      0.553    1480.94   81.87302    7.90281  0.000e+00
    143.769     7.0125    34.8979    27.3366 1.3431e-01     0.2139      0.546    1480.95   81.87233    7.90204  0.000e+00
    143.794     7.0151    34.8979    27.3363 1.3431e-01     0.2151      0.538    1480.96   81.87065    7.90142  0.000e+00
    143.817     7.0165    34.8980    27.3362 1.3431e-01     0.2139      0.535    1480.97   81.86813    7.90092  0.000e+00
    143.842     7.0173    34.8978    27.3359 1.3431e-01     0.2114      0.527    1480.97   81.86470    7.90045  0.000e+00
    143.866     7.0181    34.8971    27.3352 1.3431e-01     0.2102      0.531    1480.97   81.86031    7.89991  0.000e+00
    143.904     7.0180    34.8974    27.3355 1.3431e-01     0.2102      0.538    1480.97   81.85519    7.89943  0.000e+00
    143.916     7.0176    34.8971    27.3353 1.3431e-01     0.2127      0.546    1480.97   81.84885    7.89891  0.000e+00
    143.952     7.0172    34.8970    27.3353 1.3431e-01     0.2139      0.549    1480.97   81.84180    7.89831  0.000e+00
    143.976     7.0170    34.8973    27.3356 1.3431e-01     0.2139      0.546    1480.97   81.84175    7.89831  0.000e+00
    143.990     7.0185    34.8985    27.3363 1.3431e-01     0.2139      0.546    1480.98   81.84074    7.89789  0.000e+00
    144.026     7.0206    34.8993    27.3366 1.3431e-01     0.2139      0.560    1480.99   81.83110    7.89654  0.000e+00
    144.045     7.0226    34.8993    27.3364 1.3431e-01     0.2139      0.557    1481.00   81.89155    7.90201  0.000e+00
    144.075     7.0237    34.8991    27.3360 1.3431e-01     0.2139      0.546    1481.00   81.89596    7.90224  0.000e+00
    144.100     7.0238    34.8984    27.3355 1.3431e-01     0.2163      0.535    1481.00   81.83639    7.89652  0.000e+00
    144.124     7.0236    34.8984    27.3355 1.3431e-01     0.2163      0.535    1481.00   81.83147    7.89608  0.000e+00
    144.161     7.0236    34.8989    27.3359 1.3431e-01     0.2139      0.538    1481.00   81.82600    7.89553  0.000e+00
    144.174     7.0242    34.8997    27.3364 1.3431e-01     0.2139      0.546    1481.01   81.81954    7.89474  0.000e+00
    144.197     7.0250    34.8998    27.3364 1.3431e-01     0.2139      0.549    1481.01   81.81253    7.89391  0.000e+00
    144.221     7.0255    34.9000    27.3365 1.3431e-01     0.2151      0.549    1481.01   81.80492    7.89309  0.000e+00
    144.259     7.0260    34.8997    27.3362 1.3431e-01     0.2139      0.546    1481.01   81.79680    7.89223  0.000e+00
    144.271     7.0258    34.8994    27.3359 1.3431e-01     0.2139      0.542    1481.01   81.78783    7.89142  0.000e+00
    144.307     7.0253    34.8983    27.3352 1.3431e-01     0.2139      0.531    1481.01   81.77850    7.89065  0.000e+00
    144.332     7.0250    34.8987    27.3355 1.3431e-01     0.2151      0.538    1481.01   81.76838    7.88971  0.000e+00
    144.356     7.0247    34.8993    27.3361 1.3431e-01     0.2127      0.590    1481.01   81.75761    7.88870  0.000e+00
    144.376     7.0252    34.8993    27.3360 1.3431e-01     0.2127      0.656    1481.01   81.75419    7.88828  0.000e+00
    144.406     7.0248    34.8990    27.3358 1.3431e-01     0.2127      0.656    1481.01   81.75063    7.88802  0.000e+00
    144.430     7.0244    34.8992    27.3360 1.4652e-01     0.2175      0.634    1481.01   81.68363    7.88163  0.000e+00
    144.466     7.0252    34.8996    27.3362 1.4652e-01     0.2188      0.619    1481.01   81.73496    7.88641  0.000e+00
    144.480     7.0260    34.9003    27.3366 1.3431e-01     0.2163      0.597    1481.02   81.73045    7.88580  0.000e+00
    144.504     7.0268    34.9006    27.3368 1.3431e-01     0.2175      0.582    1481.02   81.66265    7.87910  0.000e+00
    144.553     7.0271    34.8992    27.3356 1.3431e-01     0.2163      0.568    1481.02   81.65044    7.87793  0.000e+00
    144.565     7.0268    34.8986    27.3352 1.3431e-01     0.2163      0.557    1481.02   81.63790    7.87682  0.000e+00
    144.590     7.0276    34.8978    27.3345 1.3431e-01     0.2151      0.553    1481.02   81.62537    7.87550  0.000e+00
    144.621     7.0265    34.8977    27.3345 1.3431e-01     0.2139      0.557    1481.02   81.61313    7.87453  0.000e+00
    144.639     7.0247    34.8988    27.3357 1.3431e-01     0.2127      0.564    1481.01   81.60082    7.87360  0.000e+00
    144.675     7.0245    34.8999    27.3365 1.3431e-01     0.2139      0.560    1481.02   81.58852    7.87239  0.000e+00
    144.687     7.0261    34.8999    27.3363 1.3431e-01     0.2151      0.549    1481.02   81.57576    7.87087  0.000e+00
    144.724     7.0276    34.8996    27.3359 1.3431e-01     0.2163      0.538    1481.03   81.56331    7.86942  0.000e+00
    144.749     7.0285    34.8990    27.3353 1.3431e-01     0.2139      0.538    1481.03   81.61385    7.87416  0.000e+00
    144.761     7.0285    34.8995    27.3356 1.3431e-01     0.2139      0.542    1481.03   81.60876    7.87364  0.000e+00
    144.785     7.0284    34.8998    27.3359 1.3431e-01     0.2139      0.542    1481.03   81.54856    7.86784  0.000e+00
    144.830     7.0284    34.9003    27.3364 1.3431e-01     0.2127      0.542    1481.03   81.54415    7.86739  0.000e+00
    144.846     7.0284    34.8994    27.3357 1.3431e-01     0.2151      0.542    1481.03   81.53976    7.86701  0.000e+00
    144.859     7.0279    34.8993    27.3356 1.3431e-01     0.2151      0.538    1481.03   81.59881    7.87281  0.000e+00
    144.884     7.0284    34.8995    27.3357 1.3431e-01     0.2151      0.535    1481.03   81.60260    7.87307  0.000e+00
    144.920     7.0285    34.8996    27.3357 1.3431e-01     0.2175      0.531    1481.04   81.60655    7.87342  0.000e+00
    144.933     7.0284    34.8995    27.3357 1.3431e-01     0.2175      0.527    1481.03   81.54720    7.86773  0.000e+00
    144.956     7.0282    34.8990    27.3353 1.3431e-01     0.2175      0.527    1481.03   81.60664    7.87352  0.000e+00
    145.001     7.0279    34.8992    27.3355 1.3431e-01     0.2127      0.527    1481.03   81.61106    7.87400  0.000e+00
    145.006     7.0276    34.8992    27.3356 1.3431e-01     0.2127      0.527    1481.03   81.61506    7.87443  0.000e+00
    145.055     7.0274    34.8994    27.3358 1.3431e-01     0.2127      0.527    1481.03   81.61950    7.87488  0.000e+00
    145.043     7.0277    34.8993    27.3356 1.3431e-01     0.2139      0.527    1481.03   81.62326    7.87520  0.000e+00
    145.091     7.0277    34.8995    27.3358 1.3431e-01     0.2139      0.527    1481.03   81.62767    7.87561  0.000e+00
    145.104     7.0276    34.8998    27.3360 1.3431e-01     0.2127      0.527    1481.03   81.63174    7.87601  0.000e+00
    145.122     7.0268    34.9016    27.3376 1.3431e-01     0.2139      0.524    1481.03   81.63593    7.87647  0.000e+00
    145.165     7.0277    34.9041    27.3394 1.3431e-01     0.2151      0.520    1481.04   81.57709    7.87049  0.000e+00
    145.178     7.0301    34.9054    27.3401 1.3431e-01     0.2151      0.516    1481.05   81.63648    7.87572  0.000e+00
    145.190     7.0320    34.9048    27.3394 1.4652e-01     0.2139      0.516    1481.06   81.64062    7.87581  0.000e+00
    145.214     7.0326    34.9038    27.3385 1.4652e-01     0.2139      0.524    1481.06   81.64505    7.87617  0.000e+00
    145.251     7.0333    34.9024    27.3373 1.4652e-01     0.2151      0.520    1481.06   81.64959    7.87657  0.000e+00
    145.270     7.0323    34.9016    27.3368 1.3431e-01     0.2127      0.516    1481.06   81.66228    7.87801  0.000e+00
    145.288     7.0309    34.9013    27.3367 1.3431e-01     0.2127      0.516    1481.05   81.67534    7.87954  0.000e+00
    145.300     7.0312    34.9024    27.3376 1.3431e-01     0.2151      0.531    1481.06   81.68031    7.87991  0.000e+00
    145.349     7.0323    34.9029    27.3378 1.3431e-01     0.2151      0.538    1481.06   81.68559    7.88019  0.000e+00
    145.349     7.0329    34.9034    27.3381 1.3431e-01     0.2151      0.549    1481.06   81.69041    7.88052  0.000e+00
    145.392     7.0341    34.9025    27.3372 1.4652e-01     0.2151      0.542    1481.07   81.69562    7.88086  0.000e+00
    145.410     7.0340    34.9007    27.3359 1.3431e-01     0.2127      0.531    1481.07   81.70071    7.88147  0.000e+00
    145.423     7.0322    34.9006    27.3360 1.3431e-01     0.2127      0.524    1481.06   81.70594    7.88230  0.000e+00
    145.459     7.0320    34.9017    27.3370 1.3431e-01     0.2151      0.516    1481.06   81.71122    7.88278  0.000e+00
    145.471     7.0331    34.9031    27.3378 1.3431e-01     0.2127      0.520    1481.07   81.71611    7.88298  0.000e+00
    145.491     7.0342    34.9037    27.3382 1.3431e-01     0.2127      0.549    1481.07   81.72108    7.88323  0.000e+00
    145.520     7.0352    34.9040    27.3383 1.3431e-01     0.2163      0.560    1481.08   81.72616    7.88352  0.000e+00
    145.545     7.0360    34.9036    27.3378 1.3431e-01     0.2163      0.546    1481.08   81.73121    7.88389  0.000e+00
    145.570     7.0360    34.9041    27.3382 1.3431e-01     0.2163      0.531    1481.08   81.73637    7.88437  0.000e+00
