Rawdata/2018_07_17/VT66_20180717_down.cnv
* Sea-Bird SBE 9 Data File:
* FileName = C:\CTD Brukere\NIVA\OKOKYST2018\2018_07_17\VT66_20180717.hdr
* Software Version Seasave V 7.21f
* Temperature SN = 5352
* Conductivity SN = 3840
* Number of Bytes Per Scan = 28
* Number of Voltage Words = 4
* Number of Scans Averaged by the Deck Unit = 1
* NMEA baud rate = 4800
** Ship: R/V Trygve Braarud
** Cruise:
** Station:
** Operator:
# nquan = 11
# nvalues = 9613                                  
# units = specified
# name 0 = depSM: Depth [salt water, m], lat = 0.00
# name 1 = t090C: Temperature [ITS-90, deg C]
# name 2 = sal00: Salinity, Practical [PSU]
# name 3 = sigma-t00: Density [sigma-t, Kg/m^3 ]
# name 4 = flSP: Fluorescence, Seapoint
# name 5 = wetStar: Fluorescence, WET Labs WETstar [mg/m^3]
# name 6 = seaTurbMtr: Turbidity, Seapoint [FTU]
# name 7 = svCM: Sound Velocity [Chen-Millero, m/s]
# name 8 = sbeox0PS: Oxygen, SBE 43 [% saturation]
# name 9 = sbeox0Mg/L: Oxygen, SBE 43 [mg/l]
# name 10 = flag:  0.000e+00
# span 0 =     -0.137,    200.531                 
# span 1 =     6.9203,    22.8281                 
# span 2 =     3.0489,    34.6430                 
# span 3 =    -0.0959,    27.1191                 
# span 4 = 1.3431e-01, 7.8388e+00                 
# span 5 =     0.0686,     0.2835                 
# span 6 =      0.454,     10.879                 
# span 7 =    1477.99,    1513.45                 
# span 8 =   65.06873,  111.51238                 
# span 9 =    6.27889,    9.03407                 
# span 10 = 0.0000e+00, 0.0000e+00                
# interval = seconds: 0.0416667
# start_time = Jul 17 2018 16:14:54 [System UTC, first data scan.]
# bad_flag = -9.990e-29
*END*
[from data line 1705]
     25.905    10.9531    31.8304    24.3165 7.6923e-01     0.1626      0.487    1489.81   96.49448    8.70523  0.000e+00
     25.929    11.0144    31.7721    24.2605 8.0586e-01     0.1638      0.491    1489.96   96.42412    8.69066  0.000e+00
     25.960    10.9729    31.7961    24.2864 7.3260e-01     0.1602      0.502    1489.84   96.40446    8.69531  0.000e+00
     25.965    10.8950    31.8459    24.3387 6.9597e-01     0.1589      0.498    1489.63   96.33080    8.70045  0.000e+00
     26.001    10.8302    31.8828    24.3786 7.0818e-01     0.1614      0.491    1489.44   96.25492    8.70368  0.000e+00
     26.012    10.7862    31.9047    24.4033 7.3260e-01     0.1614      0.480    1489.31   96.11609    8.69815  0.000e+00
     26.032    10.7545    31.9191    24.4200 8.5470e-01     0.1614      0.469    1489.22   96.09621    8.70151  0.000e+00
     26.061    10.7254    31.9326    24.4355 8.0586e-01     0.1614      0.469    1489.13   96.01921    8.69923  0.000e+00
     26.085    10.7075    31.9345    24.4401 7.2039e-01     0.1602      0.469    1489.07   95.94624    8.69589  0.000e+00
     26.116    10.6894    31.9397    24.4472 6.7155e-01     0.1614      0.469    1489.01   95.87042    8.69211  0.000e+00
     26.110    10.6801    31.9383    24.4477 7.6923e-01     0.1614      0.476    1488.98   95.85235    8.69229  0.000e+00
     26.146    10.6576    31.9501    24.4608 1.0379e+00     0.1614      0.480    1488.91   95.78309    8.68958  0.000e+00
     26.170    10.6442    31.9595    24.4704 1.0501e+00     0.1614      0.484    1488.88   95.71138    8.68507  0.000e+00
     26.188    10.6411    31.9619    24.4728 1.0012e+00     0.1602      0.480    1488.87   95.64396    8.67940  0.000e+00
     26.206    10.6429    31.9604    24.4713 1.0989e+00     0.1602      0.476    1488.88   95.57422    8.67281  0.000e+00
     26.229    10.6346    31.9680    24.4787 1.1477e+00     0.1602      0.476    1488.85   95.56838    8.67343  0.000e+00
     26.248    10.6103    31.9902    24.5001 1.0012e+00     0.1602      0.473    1488.80   95.50455    8.67096  0.000e+00
     26.266    10.5946    32.0009    24.5111 8.3028e-01     0.1614      0.469    1488.75   95.43862    8.66731  0.000e+00
     26.302    10.5958    31.9938    24.5054 7.6923e-01     0.1553      0.469    1488.75   95.43198    8.66688  0.000e+00
     26.320    10.6073    31.9806    24.4931 7.4481e-01     0.1541      0.476    1488.77   95.37532    8.66030  0.000e+00
     26.338    10.6091    31.9771    24.4901 7.8144e-01     0.1528      0.476    1488.78   95.32195    8.65531  0.000e+00
     26.349    10.5813    31.9938    24.5079 9.0354e-01     0.1553      0.473    1488.70   95.26409    8.65434  0.000e+00
     26.380    10.5408    32.0174    24.5332 9.7680e-01     0.1553      0.473    1488.58   95.20986    8.65568  0.000e+00
     26.409    10.5037    32.0339    24.5523 9.1575e-01     0.1553      0.469    1488.47   95.15374    8.65661  0.000e+00
     26.422    10.4514    32.0586    24.5804 8.7912e-01     0.1516      0.465    1488.31   95.15495    8.66517  0.000e+00
     26.409    10.3766    32.1037    24.6283 8.4249e-01     0.1516      0.462    1488.10   95.09784    8.67152  0.000e+00
     26.500    10.3300    32.1304    24.6569 7.8144e-01     0.1516      0.458    1487.97   95.04813    8.67428  0.000e+00
     26.483    10.3288    32.1252    24.6531 7.2039e-01     0.1516      0.462    1487.96   94.99790    8.67020  0.000e+00
     26.530    10.3693    32.0907    24.6194 6.8376e-01     0.1516      0.462    1488.06   94.94891    8.66004  0.000e+00
     26.525    10.4148    32.0584    24.5865 7.2039e-01     0.1504      0.465    1488.18   94.90420    8.64919  0.000e+00
     26.554    10.4377    32.0514    24.5772 7.3260e-01     0.1516      0.465    1488.26   94.84991    8.64036  0.000e+00
     26.579    10.4715    32.0375    24.5606 7.0818e-01     0.1528      0.465    1488.36   94.80082    8.63032  0.000e+00
     26.609    10.5104    32.0160    24.5372 7.0818e-01     0.1516      0.469    1488.48   94.74364    8.61904  0.000e+00
     26.603    10.5335    31.9978    24.5192 7.4481e-01     0.1541      0.473    1488.54   94.74351    8.61573  0.000e+00
     26.645    10.5353    31.9888    24.5118 6.7155e-01     0.1553      0.473    1488.53   94.63194    8.60574  0.000e+00
     26.663    10.5219    31.9873    24.5130 6.2271e-01     0.1565      0.473    1488.48   94.63205    8.60832  0.000e+00
     26.699    10.4985    31.9916    24.5202 6.2271e-01     0.1541      0.473    1488.41   94.57535    8.60729  0.000e+00
     26.706    10.4685    32.0052    24.5359 6.7155e-01     0.1516      0.469    1488.31   94.51575    8.60672  0.000e+00
     26.746    10.4473    32.0157    24.5478 6.2271e-01     0.1541      0.469    1488.25   94.45500    8.60455  0.000e+00
     26.746    10.4399    32.0155    24.5488 5.4945e-01     0.1553      0.469    1488.23   94.39255    8.60026  0.000e+00
     26.777    10.4305    32.0165    24.5512 5.0061e-01     0.1565      0.469    1488.19   94.32818    8.59608  0.000e+00
     26.806    10.4248    32.0169    24.5525 4.8840e-01     0.1541      0.469    1488.17   94.26857    8.59170  0.000e+00
     26.831    10.4223    32.0130    24.5499 4.8840e-01     0.1541      0.476    1488.16   94.20725    8.58678  0.000e+00
     26.849    10.4069    32.0224    24.5598 5.0061e-01     0.1541      0.487    1488.12   94.14312    8.58328  0.000e+00
     26.880    10.3893    32.0379    24.5748 5.0061e-01     0.1528      0.491    1488.07   94.02314    8.57477  0.000e+00
     26.902    10.3983    32.0323    24.5690 4.8840e-01     0.1541      0.491    1488.10   94.01840    8.57297  0.000e+00
     26.922    10.4149    32.0212    24.5575 5.2503e-01     0.1541      0.495    1488.15   93.95831    8.56500  0.000e+00
     26.938    10.4235    32.0155    24.5516 5.8608e-01     0.1541      0.502    1488.17   93.89604    8.55806  0.000e+00
     26.969    10.4261    32.0134    24.5496 5.8608e-01     0.1565      0.498    1488.18   93.83193    8.55185  0.000e+00
     26.999    10.4189    32.0201    24.5560 5.7387e-01     0.1541      0.487    1488.16   93.76553    8.54675  0.000e+00
     27.023    10.4156    32.0236    24.5593 5.2503e-01     0.1528      0.484    1488.15   93.63709    8.53547  0.000e+00
     27.042    10.4092    32.0292    24.5647 4.5177e-01     0.1492      0.480    1488.14   93.56794    8.53004  0.000e+00
     27.059    10.4078    32.0299    24.5655 4.3956e-01     0.1492      0.473    1488.13   93.49803    8.52390  0.000e+00
     27.096    10.4144    32.0251    24.5607 4.2735e-01     0.1492      0.469    1488.15   93.42789    8.51655  0.000e+00
     27.126    10.4169    32.0235    24.5590 4.8840e-01     0.1528      0.469    1488.16   93.34962    8.50903  0.000e+00
     27.143    10.4060    32.0308    24.5665 5.7387e-01     0.1528      0.473    1488.13   93.27555    8.50390  0.000e+00
     27.161    10.3824    32.0464    24.5827 6.4713e-01     0.1516      0.476    1488.06   93.19944    8.50045  0.000e+00
     27.179    10.3827    32.0412    24.5785 6.1050e-01     0.1504      0.484    1488.06   93.12404    8.49381  0.000e+00
     27.215    10.3891    32.0384    24.5753 5.3724e-01     0.1492      0.484    1488.08   93.04826    8.48587  0.000e+00
     27.235    10.3944    32.0421    24.5772 5.6166e-01     0.1504      0.491    1488.10   92.97782    8.47828  0.000e+00
     27.264    10.4140    32.0263    24.5617 5.9829e-01     0.1504      0.498    1488.15   92.90784    8.46915  0.000e+00
     27.282    10.4290    32.0024    24.5405 5.6166e-01     0.1504      0.509    1488.18   92.77596    8.45567  0.000e+00
     27.324    10.4184    32.0051    24.5443 4.8840e-01     0.1504      0.502    1488.15   92.69599    8.45017  0.000e+00
     27.324    10.3716    32.0462    24.5843 4.5177e-01     0.1516      0.502    1488.03   92.61197    8.44887  0.000e+00
     27.366    10.3339    32.0752    24.6133 4.3956e-01     0.1516      0.495    1487.93   92.47460    8.44168  0.000e+00
     27.384    10.2838    32.1131    24.6513 4.5177e-01     0.1516      0.491    1487.79   92.51147    8.45218  0.000e+00
     27.415    10.2484    32.1395    24.6777 4.2735e-01     0.1492      0.491    1487.70   92.37996    8.44523  0.000e+00
     27.445    10.2322    32.1497    24.6885 4.1514e-01     0.1504      0.491    1487.65   92.24998    8.43577  0.000e+00
     27.462    10.2213    32.1546    24.6941 4.2735e-01     0.1516      0.498    1487.62   92.23553    8.43617  0.000e+00
     27.480    10.2111    32.1616    24.7012 4.2735e-01     0.1516      0.513    1487.59   92.16688    8.43140  0.000e+00
     27.505    10.2111    32.1608    24.7006 4.2735e-01     0.1541      0.524    1487.59   92.09916    8.42525  0.000e+00
     27.534    10.2122    32.1543    24.6953 4.2735e-01     0.1553      0.524    1487.59   91.97088    8.41366  0.000e+00
     27.565    10.1942    32.1644    24.7062 5.2503e-01     0.1553      0.527    1487.54   91.89546    8.40951  0.000e+00
     27.583    10.1546    32.1922    24.7346 5.8608e-01     0.1541      0.524    1487.43   91.76426    8.40325  0.000e+00
     27.601    10.1295    32.2059    24.7494 5.4945e-01     0.1528      0.516    1487.36   91.68935    8.40023  0.000e+00
     27.630    10.1040    32.2231    24.7670 5.0061e-01     0.1528      0.513    1487.28   91.61530    8.39719  0.000e+00
     27.650    10.0835    32.2354    24.7801 4.5177e-01     0.1504      0.527    1487.23   91.48161    8.38803  0.000e+00
     27.690    10.0522    32.2581    24.8030 4.3956e-01     0.1504      0.560    1487.14   91.40248    8.38527  0.000e+00
     27.697    10.0189    32.2834    24.8282 4.1514e-01     0.1480      0.568    1487.05   91.32383    8.38278  0.000e+00
     27.733    10.0018    32.2961    24.8410 4.0293e-01     0.1504      0.549    1487.01   91.24802    8.37826  0.000e+00
     27.751    10.0138    32.2866    24.8316 4.0293e-01     0.1541      0.535    1487.04   91.17575    8.36994  0.000e+00
     27.769    10.0358    32.2705    24.8153 5.1282e-01     0.1516      0.527    1487.10   91.10553    8.36035  0.000e+00
     27.799    10.0537    32.2577    24.8024 6.2271e-01     0.1516      0.524    1487.15   90.98220    8.34647  0.000e+00
     27.829    10.0602    32.2547    24.7990 6.1050e-01     0.1528      0.524    1487.17   90.90691    8.33853  0.000e+00
     27.824    10.0603    32.2592    24.8025 5.4945e-01     0.1541      0.524    1487.17   90.77801    8.32644  0.000e+00
     27.878    10.0710    32.2571    24.7991 5.1282e-01     0.1565      0.524    1487.21   90.70693    8.31811  0.000e+00
     27.884    10.0968    32.2387    24.7804 4.6398e-01     0.1565      0.516    1487.28   90.57800    8.30259  0.000e+00
     27.913    10.1112    32.2272    24.7691 4.1514e-01     0.1553      0.513    1487.32   90.50466    8.29388  0.000e+00
     27.944    10.0987    32.2336    24.7761 7.2039e-01     0.1553      0.509    1487.28   90.43080    8.28902  0.000e+00
     27.962    10.0753    32.2456    24.7894 9.0354e-01     0.1541      0.513    1487.21   90.35782    8.28592  0.000e+00
     27.967    10.0548    32.2573    24.8019 7.9365e-01     0.1541      0.516    1487.15   90.28715    8.28252  0.000e+00
     27.998    10.0423    32.2637    24.8090 7.0818e-01     0.1553      0.524    1487.12   90.15895    8.27268  0.000e+00
     28.027    10.0248    32.2691    24.8161 6.3492e-01     0.1541      0.527    1487.06   90.08689    8.26894  0.000e+00
     28.045     9.9853    32.2899    24.8389 6.1050e-01     0.1553      0.538    1486.94   90.00805    8.26773  0.000e+00
     28.070     9.9495    32.3103    24.8606 7.0818e-01     0.1541      0.535    1486.84   89.87782    8.26113  0.000e+00
     28.076     9.9157    32.3351    24.8856 6.5934e-01     0.1516      0.520    1486.75   89.80453    8.25918  0.000e+00
     28.106     9.8965    32.3476    24.8985 5.4945e-01     0.1528      0.513    1486.69   89.73573    8.25565  0.000e+00
     28.136     9.8852    32.3541    24.9055 5.0061e-01     0.1528      0.509    1486.66   89.67049    8.25135  0.000e+00
     28.154     9.8726    32.3647    24.9158 6.1050e-01     0.1516      0.509    1486.63   89.60771    8.24728  0.000e+00
     28.172     9.8374    32.3928    24.9435 7.5702e-01     0.1516      0.513    1486.54   89.47758    8.24015  0.000e+00
     28.215     9.8168    32.4066    24.9577 7.4481e-01     0.1504      0.520    1486.48   89.40622    8.23657  0.000e+00
     28.220     9.7994    32.4193    24.9704 6.3492e-01     0.1504      0.524    1486.43   89.33753    8.23270  0.000e+00
     28.226     9.7950    32.4263    24.9766 5.4945e-01     0.1504      0.531    1486.42   89.27297    8.22718  0.000e+00
     28.268     9.8216    32.4070    24.9572 4.6398e-01     0.1504      0.527    1486.50   89.21488    8.21805  0.000e+00
     28.299     9.8542    32.3810    24.9315 4.1514e-01     0.1492      0.524    1486.58   89.16008    8.20852  0.000e+00
     28.317     9.8683    32.3710    24.9214 3.7851e-01     0.1516      0.524    1486.62   89.10590    8.20153  0.000e+00
     28.335     9.8659    32.3736    24.9238 3.6630e-01     0.1516      0.520    1486.62   88.99183    8.19132  0.000e+00
     28.353     9.8392    32.3939    24.9440 3.6630e-01     0.1528      0.520    1486.55   88.93238    8.18957  0.000e+00
     28.364     9.8029    32.4169    24.9680 3.5409e-01     0.1516      0.524    1486.44   88.87485    8.18956  0.000e+00
     28.407     9.7584    32.4414    24.9944 3.4188e-01     0.1504      0.520    1486.31   88.81982    8.19118  0.000e+00
     28.425     9.7537    32.4362    24.9911 3.2967e-01     0.1480      0.513    1486.29   88.76496    8.18724  0.000e+00
     28.443     9.7594    32.4289    24.9844 3.1746e-01     0.1455      0.509    1486.30   88.71398    8.18190  0.000e+00
     28.473     9.7470    32.4248    24.9832 3.2967e-01     0.1467      0.513    1486.25   88.66395    8.17972  0.000e+00
     28.491     9.5917    32.5018    25.0686 3.9072e-01     0.1467      0.513    1485.78   88.53361    8.19154  0.000e+00
     28.509     9.3981    32.5820    25.1624 4.0293e-01     0.1467      0.513    1485.17   88.47073    8.21641  0.000e+00
     28.540     9.2162    32.6634    25.2549 4.1514e-01     0.1467      0.513    1484.60   88.40624    8.23914  0.000e+00
     28.557     9.1103    32.7349    25.3275 4.1514e-01     0.1467      0.516    1484.30   88.34552    8.24899  0.000e+00
     28.576     9.1315    32.7525    25.3380 4.1514e-01     0.1467      0.524    1484.40   88.30710    8.24059  0.000e+00
     28.605     9.2214    32.7283    25.3049 4.2735e-01     0.1455      0.516    1484.70   88.21741    8.21715  0.000e+00
     28.612     9.3248    32.6835    25.2534 4.1514e-01     0.1467      0.509    1485.02   88.18653    8.19790  0.000e+00
     28.653     9.4023    32.6406    25.2076 4.0293e-01     0.1492      0.502    1485.26   88.08885    8.17710  0.000e+00
     28.672     9.4433    32.6109    25.1778 3.9072e-01     0.1492      0.502    1485.37   88.04501    8.16722  0.000e+00
     28.677     9.4475    32.5982    25.1672 3.9072e-01     0.1504      0.505    1485.37   87.93274    8.15671  0.000e+00
     28.713     9.3913    32.6266    25.1984 3.6630e-01     0.1480      0.513    1485.20   87.93340    8.16539  0.000e+00
     28.744     9.3347    32.6499    25.2255 3.5409e-01     0.1455      0.505    1485.02   87.82185    8.16399  0.000e+00
     28.749     9.2714    32.6823    25.2609 3.9072e-01     0.1467      0.498    1484.83   87.76004    8.16795  0.000e+00
     28.780     9.2411    32.6961    25.2766 4.1514e-01     0.1443      0.498    1484.74   87.76590    8.17323  0.000e+00
     28.797     9.2092    32.7156    25.2969 4.7619e-01     0.1443      0.502    1484.64   87.65898    8.16800  0.000e+00
     28.828     9.1846    32.7255    25.3085 4.5177e-01     0.1406      0.502    1484.56   87.61031    8.16739  0.000e+00
     28.846     9.1297    32.7722    25.3537 4.0293e-01     0.1382      0.495    1484.42   87.50072    8.16462  0.000e+00
     28.853     9.1472    32.7790    25.3563 3.5409e-01     0.1382      0.491    1484.49   87.45550    8.15689  0.000e+00
