Rawdata/2018_07_17/VT66_20180717_down.cnv
* Sea-Bird SBE 9 Data File:
* FileName = C:\CTD Brukere\NIVA\OKOKYST2018\2018_07_17\VT66_20180717.hdr
* Software Version Seasave V 7.21f
* Temperature SN = 5352
* Conductivity SN = 3840
* Number of Bytes Per Scan = 28
* Number of Voltage Words = 4
* Number of Scans Averaged by the Deck Unit = 1
* NMEA baud rate = 4800
** Ship: R/V Trygve Braarud
** Cruise:
** Station:
** Operator:
# nquan = 11
# nvalues = 9613                                  
# units = specified
# name 0 = depSM: Depth [salt water, m], lat = 0.00
# name 1 = t090C: Temperature [ITS-90, deg C]
# name 2 = sal00: Salinity, Practical [PSU]
# name 3 = sigma-t00: Density [sigma-t, Kg/m^3 ]
# name 4 = flSP: Fluorescence, Seapoint
# name 5 = wetStar: Fluorescence, WET Labs WETstar [mg/m^3]
# name 6 = seaTurbMtr: Turbidity, Seapoint [FTU]
# name 7 = svCM: Sound Velocity [Chen-Millero, m/s]
# name 8 = sbeox0PS: Oxygen, SBE 43 [% saturation]
# name 9 = sbeox0Mg/L: Oxygen, SBE 43 [mg/l]
# name 10 = flag:  0.000e+00
# span 0 =     -0.137,    200.531                 
# span 1 =     6.9203,    22.8281                 
# span 2 =     3.0489,    34.6430                 
# span 3 =    -0.0959,    27.1191                 
# span 4 = 1.3431e-01, 7.8388e+00                 
# span 5 =     0.0686,     0.2835                 
# span 6 =      0.454,     10.879                 
# span 7 =    1477.99,    1513.45                 
# span 8 =   65.06873,  111.51238                 
# span 9 =    6.27889,    9.03407                 
# span 10 = 0.0000e+00, 0.0000e+00                
# interval = seconds: 0.0416667
# start_time = Jul 17 2018 16:14:54 [System UTC, first data scan.]
# bad_flag = -9.990e-29
*END*
[from data line 5378]
    112.966     7.1330    34.6320    27.1104 1.3431e-01     0.0918      0.498    1480.58   67.23946    6.48320  0.000e+00
    112.977     7.1328    34.6321    27.1105 1.4652e-01     0.0942      0.498    1480.58   67.23893    6.48317  0.000e+00
    113.013     7.1327    34.6320    27.1104 1.4652e-01     0.0930      0.502    1480.58   67.17589    6.47711  0.000e+00
    113.026     7.1328    34.6320    27.1104 1.4652e-01     0.0954      0.498    1480.58   67.16798    6.47633  0.000e+00
    113.044     7.1328    34.6317    27.1101 1.4652e-01     0.0967      0.502    1480.58   67.16045    6.47562  0.000e+00
    113.074     7.1327    34.6317    27.1102 1.4652e-01     0.0967      0.509    1480.58   67.15334    6.47495  0.000e+00
    113.112     7.1326    34.6320    27.1104 1.4652e-01     0.0991      0.509    1480.58   67.20934    6.48035  0.000e+00
    113.112     7.1325    34.6323    27.1107 1.4652e-01     0.0979      0.505    1480.58   67.14728    6.47438  0.000e+00
    113.148     7.1326    34.6324    27.1107 1.4652e-01     0.0967      0.505    1480.58   67.14085    6.47374  0.000e+00
    113.172     7.1326    34.6322    27.1106 1.4652e-01     0.0967      0.502    1480.58   67.13465    6.47314  0.000e+00
    113.184     7.1327    34.6319    27.1103 1.4652e-01     0.0954      0.505    1480.58   67.12865    6.47256  0.000e+00
    113.208     7.1326    34.6321    27.1105 1.4652e-01     0.0930      0.502    1480.58   67.12310    6.47203  0.000e+00
    113.233     7.1326    34.6323    27.1106 1.3431e-01     0.0942      0.502    1480.58   67.11786    6.47152  0.000e+00
    113.257     7.1327    34.6321    27.1105 1.4652e-01     0.0954      0.502    1480.58   67.11294    6.47104  0.000e+00
    113.282     7.1326    34.6320    27.1104 1.4652e-01     0.0942      0.513    1480.58   67.10835    6.47062  0.000e+00
    113.307     7.1326    34.6317    27.1102 1.3431e-01     0.0930      0.520    1480.58   67.10408    6.47021  0.000e+00
    113.318     7.1327    34.6320    27.1104 1.3431e-01     0.0942      0.520    1480.58   67.10000    6.46979  0.000e+00
    113.343     7.1326    34.6321    27.1105 1.4652e-01     0.0967      0.513    1480.58   67.09637    6.46945  0.000e+00
    113.367     7.1328    34.6320    27.1104 1.4652e-01     0.0967      0.505    1480.58   67.09304    6.46911  0.000e+00
    113.392     7.1329    34.6316    27.1101 1.4652e-01     0.0930      0.498    1480.58   67.09005    6.46883  0.000e+00
    113.403     7.1325    34.6320    27.1104 1.4652e-01     0.0942      0.502    1480.58   67.08730    6.46861  0.000e+00
    113.453     7.1326    34.6320    27.1104 1.4652e-01     0.0967      0.509    1480.58   67.08515    6.46838  0.000e+00
    113.464     7.1326    34.6322    27.1106 1.4652e-01     0.0979      0.509    1480.58   67.08301    6.46817  0.000e+00
    113.489     7.1326    34.6321    27.1105 1.4652e-01     0.0967      0.509    1480.58   67.14402    6.47405  0.000e+00
    113.513     7.1325    34.6320    27.1104 1.4652e-01     0.0942      0.513    1480.58   67.09531    6.46938  0.000e+00
    113.526     7.1327    34.6319    27.1103 1.4652e-01     0.0930      0.513    1480.58   67.09412    6.46923  0.000e+00
    113.562     7.1325    34.6322    27.1106 1.3431e-01     0.0906      0.535    1480.58   67.09349    6.46919  0.000e+00
    113.574     7.1326    34.6323    27.1106 1.3431e-01     0.0918      0.542    1480.58   67.09294    6.46912  0.000e+00
    113.599     7.1324    34.6323    27.1107 1.4652e-01     0.0954      0.531    1480.58   67.09285    6.46913  0.000e+00
    113.623     7.1325    34.6321    27.1106 1.4652e-01     0.0967      0.516    1480.58   67.09306    6.46916  0.000e+00
    113.659     7.1326    34.6321    27.1105 1.3431e-01     0.0967      0.509    1480.59   67.09369    6.46920  0.000e+00
    113.659     7.1325    34.6321    27.1105 1.4652e-01     0.0979      0.509    1480.59   67.09434    6.46928  0.000e+00
    113.697     7.1326    34.6320    27.1104 1.3431e-01     0.0967      0.509    1480.59   67.10363    6.47016  0.000e+00
    113.708     7.1329    34.6320    27.1104 1.4652e-01     0.0954      0.505    1480.59   67.10532    6.47028  0.000e+00
    113.744     7.1328    34.6324    27.1107 1.3431e-01     0.0942      0.505    1480.59   67.10756    6.47049  0.000e+00
    113.758     7.1330    34.6318    27.1102 1.4652e-01     0.0967      0.502    1480.59   67.10991    6.47072  0.000e+00
    113.794     7.1330    34.6318    27.1102 1.4652e-01     0.0954      0.498    1480.59   67.11278    6.47099  0.000e+00
    113.807     7.1333    34.6316    27.1100 1.4652e-01     0.0954      0.502    1480.59   67.11576    6.47125  0.000e+00
    113.830     7.1331    34.6318    27.1102 1.3431e-01     0.0942      0.516    1480.59   67.11918    6.47159  0.000e+00
    113.867     7.1330    34.6318    27.1102 1.4652e-01     0.0967      0.516    1480.59   67.12305    6.47198  0.000e+00
    113.867     7.1330    34.6319    27.1103 1.4652e-01     0.0954      0.513    1480.59   67.12690    6.47235  0.000e+00
    113.915     7.1328    34.6317    27.1102 1.4652e-01     0.0954      0.509    1480.59   67.13150    6.47283  0.000e+00
    113.915     7.1326    34.6325    27.1108 1.4652e-01     0.0979      0.505    1480.59   67.13601    6.47327  0.000e+00
    113.964     7.1328    34.6318    27.1102 1.4652e-01     0.0979      0.505    1480.59   67.14123    6.47376  0.000e+00
    113.977     7.1326    34.6322    27.1105 1.3431e-01     0.0979      0.505    1480.59   67.14649    6.47428  0.000e+00
    114.002     7.1324    34.6324    27.1107 1.4652e-01     0.0979      0.509    1480.59   67.15218    6.47485  0.000e+00
    114.013     7.1325    34.6326    27.1109 1.4652e-01     0.0967      0.513    1480.59   67.15805    6.47540  0.000e+00
    114.054     7.1325    34.6323    27.1107 1.4652e-01     0.0991      0.509    1480.59   67.16450    6.47604  0.000e+00
    114.074     7.1324    34.6324    27.1107 1.4652e-01     0.0967      0.505    1480.59   67.17109    6.47668  0.000e+00
    114.099     7.1325    34.6328    27.1111 1.4652e-01     0.0967      0.505    1480.59   67.17804    6.47732  0.000e+00
    114.135     7.1326    34.6321    27.1105 1.4652e-01     0.0930      0.520    1480.59   67.18539    6.47804  0.000e+00
    114.148     7.1327    34.6324    27.1107 1.4652e-01     0.0918      0.527    1480.59   67.18486    6.47796  0.000e+00
    114.172     7.1330    34.6322    27.1105 1.4652e-01     0.0906      0.524    1480.60   67.12168    6.47184  0.000e+00
    114.172     7.1327    34.6323    27.1106 1.4652e-01     0.0893      0.520    1480.59   67.17642    6.47715  0.000e+00
    114.220     7.1328    34.6322    27.1106 1.3431e-01     0.0893      0.509    1480.60   67.17650    6.47714  0.000e+00
    114.245     7.1330    34.6320    27.1104 1.4652e-01     0.0918      0.509    1480.60   67.12167    6.47184  0.000e+00
    114.258     7.1327    34.6323    27.1107 1.4652e-01     0.0942      0.509    1480.60   67.17716    6.47722  0.000e+00
    114.282     7.1326    34.6323    27.1107 1.4652e-01     0.0954      0.509    1480.60   67.17771    6.47729  0.000e+00
    114.330     7.1325    34.6323    27.1106 1.4652e-01     0.0967      0.509    1480.60   67.11572    6.47133  0.000e+00
    114.318     7.1329    34.6323    27.1106 1.4652e-01     0.0954      0.505    1480.60   67.17126    6.47663  0.000e+00
    114.354     7.1328    34.6328    27.1110 1.4652e-01     0.0967      0.509    1480.60   67.17222    6.47671  0.000e+00
    114.343     7.1330    34.6322    27.1105 1.4652e-01     0.0979      0.513    1480.60   67.17275    6.47676  0.000e+00
    114.432     7.1330    34.6319    27.1103 1.4652e-01     0.0979      0.516    1480.60   67.17416    6.47690  0.000e+00
    114.440     7.1330    34.6322    27.1105 1.3431e-01     0.0991      0.516    1480.60   67.17488    6.47697  0.000e+00
    114.453     7.1330    34.6326    27.1108 1.4652e-01     0.0979      0.524    1480.60   67.17564    6.47702  0.000e+00
    114.477     7.1327    34.6324    27.1107 1.3431e-01     0.0954      0.524    1480.60   67.17652    6.47716  0.000e+00
    114.489     7.1326    34.6326    27.1109 1.4652e-01     0.0967      0.524    1480.60   67.17727    6.47723  0.000e+00
    114.525     7.1326    34.6323    27.1106 1.3431e-01     0.0954      0.524    1480.60   67.11549    6.47129  0.000e+00
    114.538     7.1329    34.6323    27.1106 1.3431e-01     0.0954      0.524    1480.60   67.17158    6.47666  0.000e+00
    114.574     7.1330    34.6319    27.1103 1.3431e-01     0.0942      0.524    1480.60   67.17285    6.47678  0.000e+00
    114.586     7.1326    34.6325    27.1108 1.4652e-01     0.0954      0.520    1480.60   67.17394    6.47692  0.000e+00
    114.623     7.1327    34.6327    27.1109 1.4652e-01     0.0954      0.520    1480.60   67.17523    6.47702  0.000e+00
    114.640     7.1330    34.6321    27.1104 1.4652e-01     0.0942      0.516    1480.60   67.18433    6.47788  0.000e+00
    114.659     7.1326    34.6324    27.1108 1.4652e-01     0.0942      0.513    1480.60   67.18582    6.47806  0.000e+00
    114.696     7.1329    34.6323    27.1106 1.4652e-01     0.0954      0.513    1480.60   67.18739    6.47818  0.000e+00
    114.709     7.1326    34.6325    27.1108 1.3431e-01     0.0967      0.513    1480.60   67.25155    6.48440  0.000e+00
    114.745     7.1329    34.6323    27.1106 1.3431e-01     0.0967      0.513    1480.60   67.19777    6.47919  0.000e+00
    114.758     7.1328    34.6325    27.1108 1.4652e-01     0.0954      0.509    1480.61   67.19885    6.47929  0.000e+00
    114.781     7.1328    34.6324    27.1107 1.3431e-01     0.0954      0.505    1480.61   67.20001    6.47941  0.000e+00
    114.805     7.1327    34.6323    27.1107 1.3431e-01     0.0991      0.505    1480.61   67.20120    6.47954  0.000e+00
    114.835     7.1326    34.6322    27.1106 1.3431e-01     0.1003      0.502    1480.61   67.20243    6.47968  0.000e+00
    114.855     7.1326    34.6323    27.1107 1.4652e-01     0.1028      0.502    1480.61   67.26630    6.48583  0.000e+00
    114.879     7.1327    34.6326    27.1109 1.4652e-01     0.1040      0.505    1480.61   67.21211    6.48058  0.000e+00
    114.904     7.1328    34.6325    27.1108 1.3431e-01     0.1052      0.516    1480.61   67.21296    6.48065  0.000e+00
    114.928     7.1328    34.6323    27.1106 1.3431e-01     0.1040      0.524    1480.61   67.21382    6.48074  0.000e+00
    114.940     7.1329    34.6324    27.1107 1.4652e-01     0.1028      0.520    1480.61   67.21456    6.48080  0.000e+00
    114.976     7.1328    34.6327    27.1110 1.4652e-01     0.1028      0.520    1480.61   67.21552    6.48088  0.000e+00
    114.953     7.1330    34.6325    27.1107 1.4652e-01     0.1028      0.516    1480.61   67.21595    6.48092  0.000e+00
    115.066     7.1329    34.6321    27.1105 1.4652e-01     0.1052      0.520    1480.61   67.21758    6.48110  0.000e+00
    115.038     7.1328    34.6322    27.1105 1.4652e-01     0.1089      0.531    1480.61   67.21799    6.48115  0.000e+00
    115.061     7.1325    34.6327    27.1110 1.4652e-01     0.1089      0.535    1480.61   67.21886    6.48126  0.000e+00
    115.086     7.1329    34.6324    27.1107 1.4652e-01     0.1064      0.535    1480.61   67.21968    6.48129  0.000e+00
    115.110     7.1326    34.6323    27.1107 1.4652e-01     0.1016      0.531    1480.61   67.22056    6.48142  0.000e+00
    115.124     7.1328    34.6324    27.1107 1.4652e-01     0.1028      0.527    1480.61   67.22130    6.48146  0.000e+00
    115.138     7.1329    34.6323    27.1106 1.4652e-01     0.1016      0.524    1480.61   67.22207    6.48153  0.000e+00
    115.184     7.1326    34.6324    27.1107 1.4652e-01     0.1028      0.527    1480.61   67.22314    6.48167  0.000e+00
    115.196     7.1327    34.6324    27.1107 1.4652e-01     0.1016      0.527    1480.61   67.22387    6.48172  0.000e+00
    115.209     7.1331    34.6321    27.1104 1.4652e-01     0.1016      0.524    1480.61   67.22459    6.48174  0.000e+00
    115.245     7.1326    34.6331    27.1113 1.4652e-01     0.0991      0.524    1480.61   67.22559    6.48187  0.000e+00
    115.245     7.1329    34.6326    27.1108 1.4652e-01     0.0991      0.531    1480.61   67.22621    6.48192  0.000e+00
    115.284     7.1326    34.6325    27.1108 1.4652e-01     0.1016      0.531    1480.61   67.22722    6.48205  0.000e+00
    115.306     7.1326    34.6323    27.1107 1.4652e-01     0.1003      0.524    1480.61   67.15729    6.47532  0.000e+00
    115.330     7.1327    34.6323    27.1107 1.4652e-01     0.0979      0.516    1480.61   67.21318    6.48069  0.000e+00
    115.330     7.1326    34.6321    27.1105 1.4652e-01     0.0967      0.516    1480.61   67.15108    6.47473  0.000e+00
    115.379     7.1325    34.6325    27.1108 1.4652e-01     0.0979      0.513    1480.61   67.13677    6.47335  0.000e+00
    115.391     7.1326    34.6321    27.1105 1.4652e-01     0.0979      0.509    1480.61   67.13012    6.47271  0.000e+00
    115.394     7.1328    34.6323    27.1106 1.4652e-01     0.0967      0.505    1480.62   67.12371    6.47205  0.000e+00
    115.440     7.1326    34.6324    27.1107 1.4652e-01     0.0967      0.502    1480.62   67.11001    6.47076  0.000e+00
    115.452     7.1329    34.6324    27.1107 1.4652e-01     0.0954      0.502    1480.62   67.10399    6.47014  0.000e+00
    115.476     7.1326    34.6326    27.1109 1.4652e-01     0.0967      0.498    1480.62   67.09845    6.46963  0.000e+00
    115.489     7.1326    34.6327    27.1110 1.4652e-01     0.0967      0.498    1480.62   67.09311    6.46911  0.000e+00
    115.517     7.1329    34.6323    27.1106 1.4652e-01     0.0954      0.505    1480.62   67.08820    6.46862  0.000e+00
    115.525     7.1326    34.6329    27.1112 1.4652e-01     0.0942      0.513    1480.62   67.08348    6.46818  0.000e+00
    115.561     7.1325    34.6331    27.1113 1.4652e-01     0.0930      0.513    1480.62   67.07931    6.46779  0.000e+00
    115.586     7.1329    34.6323    27.1106 1.4652e-01     0.0918      0.513    1480.62   67.07532    6.46738  0.000e+00
    115.611     7.1328    34.6326    27.1108 1.4652e-01     0.0930      0.509    1480.62   67.07169    6.46702  0.000e+00
    115.627     7.1326    34.6325    27.1108 1.4652e-01     0.0906      0.509    1480.62   66.99755    6.45991  0.000e+00
    115.635     7.1327    34.6320    27.1104 1.4652e-01     0.0918      0.509    1480.62   67.04945    6.46492  0.000e+00
    115.671     7.1326    34.6323    27.1106 1.4652e-01     0.0942      0.509    1480.62   67.04688    6.46468  0.000e+00
    115.696     7.1329    34.6327    27.1109 1.4652e-01     0.0954      0.505    1480.62   66.98176    6.45834  0.000e+00
    115.709     7.1328    34.6328    27.1110 1.4652e-01     0.0979      0.502    1480.62   66.97225    6.45743  0.000e+00
    115.724     7.1328    34.6324    27.1107 1.4652e-01     0.0979      0.498    1480.62   66.96340    6.45659  0.000e+00
    115.757     7.1330    34.6322    27.1105 1.4652e-01     0.0979      0.498    1480.62   66.95532    6.45579  0.000e+00
    115.770     7.1325    34.6326    27.1109 1.4652e-01     0.0967      0.498    1480.62   66.94778    6.45513  0.000e+00
    115.794     7.1330    34.6322    27.1105 1.4652e-01     0.0979      0.502    1480.62   66.94891    6.45518  0.000e+00
    115.821     7.1327    34.6323    27.1106 1.4652e-01     0.0979      0.513    1480.62   66.94307    6.45465  0.000e+00
    115.842     7.1328    34.6326    27.1108 1.4652e-01     0.0942      0.520    1480.62   66.93779    6.45411  0.000e+00
    115.855     7.1331    34.6323    27.1106 1.4652e-01     0.0930      0.520    1480.62   66.93306    6.45363  0.000e+00
    115.891     7.1332    34.6326    27.1108 1.4652e-01     0.0930      0.513    1480.63   66.92920    6.45323  0.000e+00
    115.894     7.1333    34.6324    27.1107 1.4652e-01     0.0942      0.505    1480.63   66.92569    6.45289  0.000e+00
