Rawdata/2018_07_17/VT66_20180717_down.cnv
* Sea-Bird SBE 9 Data File:
* FileName = C:\CTD Brukere\NIVA\OKOKYST2018\2018_07_17\VT66_20180717.hdr
* Software Version Seasave V 7.21f
* Temperature SN = 5352
* Conductivity SN = 3840
* Number of Bytes Per Scan = 28
* Number of Voltage Words = 4
* Number of Scans Averaged by the Deck Unit = 1
* NMEA baud rate = 4800
** Ship: R/V Trygve Braarud
** Cruise:
** Station:
** Operator:
# nquan = 11
# nvalues = 9613                                  
# units = specified
# name 0 = depSM: Depth [salt water, m], lat = 0.00
# name 1 = t090C: Temperature [ITS-90, deg C]
# name 2 = sal00: Salinity, Practical [PSU]
# name 3 = sigma-t00: Density [sigma-t, Kg/m^3 ]
# name 4 = flSP: Fluorescence, Seapoint
# name 5 = wetStar: Fluorescence, WET Labs WETstar [mg/m^3]
# name 6 = seaTurbMtr: Turbidity, Seapoint [FTU]
# name 7 = svCM: Sound Velocity [Chen-Millero, m/s]
# name 8 = sbeox0PS: Oxygen, SBE 43 [% saturation]
# name 9 = sbeox0Mg/L: Oxygen, SBE 43 [mg/l]
# name 10 = flag:  0.000e+00
# span 0 =     -0.137,    200.531                 
# span 1 =     6.9203,    22.8281                 
# span 2 =     3.0489,    34.6430                 
# span 3 =    -0.0959,    27.1191                 
# span 4 = 1.3431e-01, 7.8388e+00                 
# span 5 =     0.0686,     0.2835                 
# span 6 =      0.454,     10.879                 
# span 7 =    1477.99,    1513.45                 
# span 8 =   65.06873,  111.51238                 
# span 9 =    6.27889,    9.03407                 
# span 10 = 0.0000e+00, 0.0000e+00                
# interval = seconds: 0.0416667
# start_time = Jul 17 2018 16:14:54 [System UTC, first data scan.]
# bad_flag = -9.990e-29
*END*
[from data line 8787]
    189.651     7.1330    34.6417    27.1180 1.4652e-01     0.0759      0.487    1481.86   66.79386    6.43983  0.000e+00
    189.701     7.1328    34.6418    27.1181 1.3431e-01     0.0747      0.487    1481.86   66.79003    6.43948  0.000e+00
    189.701     7.1329    34.6420    27.1182 1.4652e-01     0.0771      0.498    1481.86   66.85056    6.44530  0.000e+00
    189.714     7.1328    34.6419    27.1182 1.4652e-01     0.0735      0.531    1481.86   66.79310    6.43977  0.000e+00
    189.750     7.1328    34.6413    27.1177 1.3431e-01     0.0722      0.582    1481.86   66.72927    6.43364  0.000e+00
    189.775     7.1330    34.6417    27.1180 1.4652e-01     0.0722      0.597    1481.86   66.78605    6.43907  0.000e+00
    189.787     7.1328    34.6423    27.1185 1.4652e-01     0.0722      0.582    1481.86   66.85197    6.44543  0.000e+00
    189.800     7.1328    34.6419    27.1182 1.4652e-01     0.0747      0.553    1481.86   66.79977    6.44041  0.000e+00
    189.838     7.1329    34.6417    27.1180 1.3431e-01     0.0735      0.531    1481.86   66.74120    6.43477  0.000e+00
    189.849     7.1326    34.6417    27.1180 1.3431e-01     0.0759      0.520    1481.86   66.73968    6.43466  0.000e+00
    189.874     7.1330    34.6417    27.1180 1.4652e-01     0.0771      0.516    1481.86   66.80336    6.44074  0.000e+00
    189.886     7.1327    34.6419    27.1182 1.3431e-01     0.0784      0.513    1481.86   66.87619    6.44779  0.000e+00
    189.899     7.1330    34.6416    27.1179 1.3431e-01     0.0808      0.509    1481.86   66.88615    6.44873  0.000e+00
    189.935     7.1330    34.6417    27.1180 1.3431e-01     0.0796      0.527    1481.86   66.76999    6.43752  0.000e+00
    189.935     7.1330    34.6416    27.1179 1.3431e-01     0.0771      0.535    1481.86   66.77427    6.43794  0.000e+00
    189.972     7.1326    34.6421    27.1184 1.4652e-01     0.0784      0.527    1481.86   66.83581    6.44391  0.000e+00
    189.972     7.1327    34.6419    27.1182 1.3431e-01     0.0784      0.516    1481.86   66.77888    6.43841  0.000e+00
    190.009     7.1328    34.6419    27.1182 1.3431e-01     0.0796      0.513    1481.86   66.84270    6.44455  0.000e+00
    190.021     7.1328    34.6417    27.1180 1.3431e-01     0.0808      0.502    1481.86   66.91518    6.45155  0.000e+00
    190.034     7.1329    34.6416    27.1179 1.3431e-01     0.0820      0.491    1481.86   66.86923    6.44711  0.000e+00
    190.059     7.1326    34.6421    27.1183 1.4652e-01     0.0820      0.491    1481.86   66.87999    6.44817  0.000e+00
    190.084     7.1330    34.6420    27.1183 1.3431e-01     0.0832      0.513    1481.86   66.82819    6.44312  0.000e+00
    190.095     7.1329    34.6414    27.1178 1.4652e-01     0.0820      0.527    1481.86   66.83323    6.44365  0.000e+00
    190.120     7.1328    34.6420    27.1183 1.3431e-01     0.0771      0.516    1481.86   66.90320    6.45038  0.000e+00
    190.146     7.1330    34.6416    27.1179 1.3431e-01     0.0784      0.505    1481.86   66.85504    6.44573  0.000e+00
    190.158     7.1329    34.6418    27.1181 1.3431e-01     0.0784      0.498    1481.86   66.85548    6.44578  0.000e+00
    190.171     7.1326    34.6421    27.1184 1.3431e-01     0.0771      0.491    1481.86   66.85693    6.44594  0.000e+00
    190.206     7.1328    34.6419    27.1182 1.3431e-01     0.0747      0.495    1481.86   66.85952    6.44617  0.000e+00
    190.207     7.1329    34.6419    27.1181 1.3431e-01     0.0710      0.491    1481.86   66.86282    6.44648  0.000e+00
    190.244     7.1328    34.6416    27.1180 1.3431e-01     0.0722      0.487    1481.86   66.99442    6.45919  0.000e+00
    190.255     7.1330    34.6414    27.1178 1.4652e-01     0.0747      0.480    1481.86   67.01490    6.46115  0.000e+00
    190.269     7.1330    34.6418    27.1181 1.4652e-01     0.0759      0.480    1481.87   66.97223    6.45701  0.000e+00
    190.293     7.1330    34.6418    27.1181 1.4652e-01     0.0759      0.480    1481.87   66.91421    6.45143  0.000e+00
    190.306     7.1327    34.6420    27.1182 1.3431e-01     0.0735      0.480    1481.87   66.97588    6.45740  0.000e+00
    190.343     7.1330    34.6419    27.1182 1.4652e-01     0.0735      0.480    1481.87   66.99065    6.45879  0.000e+00
    190.343     7.1330    34.6415    27.1178 1.4652e-01     0.0735      0.484    1481.87   66.93405    6.45335  0.000e+00
    190.381     7.1327    34.6423    27.1185 1.4652e-01     0.0722      0.487    1481.87   66.87058    6.44723  0.000e+00
    190.379     7.1331    34.6417    27.1179 1.4652e-01     0.0735      0.491    1481.87   66.92679    6.45262  0.000e+00
    190.405     7.1330    34.6417    27.1180 1.4652e-01     0.0747      0.491    1481.87   66.99186    6.45892  0.000e+00
    190.429     7.1329    34.6420    27.1182 1.3431e-01     0.0747      0.487    1481.87   67.00161    6.45986  0.000e+00
    190.440     7.1328    34.6419    27.1182 1.4652e-01     0.0747      0.487    1481.87   67.01158    6.46083  0.000e+00
    190.455     7.1330    34.6416    27.1180 1.4652e-01     0.0747      0.484    1481.87   66.95017    6.45490  0.000e+00
    190.478     7.1327    34.6421    27.1183 1.4652e-01     0.0759      0.480    1481.87   67.01653    6.46132  0.000e+00
    190.503     7.1330    34.6422    27.1184 1.4652e-01     0.0747      0.480    1481.87   66.96407    6.45622  0.000e+00
    190.514     7.1333    34.6420    27.1182 1.4652e-01     0.0771      0.480    1481.87   66.84076    6.44429  0.000e+00
    190.528     7.1330    34.6420    27.1182 1.3431e-01     0.0747      0.487    1481.87   66.94883    6.45475  0.000e+00
    190.552     7.1331    34.6418    27.1180 1.4652e-01     0.0759      0.495    1481.87   66.95430    6.45527  0.000e+00
    190.577     7.1330    34.6422    27.1184 1.4652e-01     0.0771      0.491    1481.87   66.95223    6.45508  0.000e+00
    190.577     7.1329    34.6421    27.1183 1.3431e-01     0.0784      0.487    1481.87   66.95849    6.45570  0.000e+00
    190.615     7.1330    34.6422    27.1184 1.3431e-01     0.0808      0.498    1481.87   66.89399    6.44946  0.000e+00
    190.627     7.1328    34.6421    27.1183 1.4652e-01     0.0808      0.513    1481.87   66.94905    6.45480  0.000e+00
    190.651     7.1329    34.6417    27.1180 1.4652e-01     0.0796      0.516    1481.87   66.95716    6.45559  0.000e+00
    190.663     7.1326    34.6424    27.1186 1.3431e-01     0.0784      0.520    1481.87   66.89411    6.44952  0.000e+00
    190.688     7.1328    34.6418    27.1181 1.4652e-01     0.0771      0.535    1481.87   66.87918    6.44807  0.000e+00
    190.701     7.1329    34.6416    27.1180 1.3431e-01     0.0796      0.531    1481.87   66.93621    6.45357  0.000e+00
    190.724     7.1330    34.6420    27.1182 1.4652e-01     0.0808      0.524    1481.87   66.88277    6.44839  0.000e+00
    190.737     7.1329    34.6420    27.1183 1.4652e-01     0.0796      0.513    1481.87   66.94114    6.45403  0.000e+00
    190.764     7.1330    34.6418    27.1181 1.4652e-01     0.0771      0.502    1481.87   66.93610    6.45354  0.000e+00
    190.773     7.1331    34.6417    27.1180 1.4652e-01     0.0796      0.498    1481.87   66.86740    6.44690  0.000e+00
    190.798     7.1329    34.6419    27.1182 1.4652e-01     0.0796      0.495    1481.87   66.92654    6.45263  0.000e+00
    190.825     7.1330    34.6418    27.1181 1.4652e-01     0.0796      0.495    1481.87   66.87510    6.44766  0.000e+00
    190.836     7.1330    34.6420    27.1182 1.3431e-01     0.0747      0.498    1481.88   66.88013    6.44813  0.000e+00
    190.848     7.1329    34.6420    27.1183 1.3431e-01     0.0735      0.498    1481.87   66.86972    6.44714  0.000e+00
    190.886     7.1331    34.6419    27.1181 1.3431e-01     0.0735      0.495    1481.88   66.92334    6.45228  0.000e+00
    190.897     7.1328    34.6420    27.1183 1.4652e-01     0.0722      0.487    1481.88   66.86588    6.44678  0.000e+00
    190.924     7.1330    34.6414    27.1178 1.4652e-01     0.0735      0.484    1481.88   66.85655    6.44588  0.000e+00
    190.933     7.1330    34.6419    27.1181 1.3431e-01     0.0759      0.484    1481.88   66.85566    6.44578  0.000e+00
    190.958     7.1330    34.6419    27.1181 1.3431e-01     0.0759      0.491    1481.88   66.86377    6.44656  0.000e+00
    190.973     7.1330    34.6417    27.1180 1.3431e-01     0.0759      0.495    1481.88   66.86455    6.44664  0.000e+00
    191.008     7.1328    34.6419    27.1181 1.4652e-01     0.0771      0.495    1481.88   66.86619    6.44682  0.000e+00
    191.021     7.1330    34.6417    27.1180 1.4652e-01     0.0784      0.491    1481.88   66.86004    6.44621  0.000e+00
    191.047     7.1329    34.6421    27.1183 1.3431e-01     0.0784      0.487    1481.88   66.85436    6.44566  0.000e+00
    191.070     7.1328    34.6416    27.1180 1.3431e-01     0.0771      0.484    1481.88   66.85719    6.44596  0.000e+00
    191.107     7.1330    34.6418    27.1181 1.3431e-01     0.0771      0.484    1481.88   66.85256    6.44548  0.000e+00
    191.120     7.1330    34.6419    27.1182 1.3431e-01     0.0784      0.487    1481.88   66.84807    6.44504  0.000e+00
    191.143     7.1330    34.6420    27.1182 1.4652e-01     0.0784      0.484    1481.88   66.84399    6.44465  0.000e+00
    191.156     7.1330    34.6417    27.1180 1.3431e-01     0.0747      0.484    1481.88   66.84016    6.44429  0.000e+00
    191.206     7.1332    34.6416    27.1179 1.3431e-01     0.0735      0.480    1481.88   66.83696    6.44396  0.000e+00
    191.207     7.1330    34.6417    27.1180 1.4652e-01     0.0735      0.476    1481.88   66.85015    6.44525  0.000e+00
    191.242     7.1329    34.6417    27.1180 1.4652e-01     0.0735      0.476    1481.88   66.86461    6.44666  0.000e+00
    191.255     7.1328    34.6417    27.1181 1.4652e-01     0.0759      0.476    1481.88   66.87164    6.44735  0.000e+00
    191.282     7.1331    34.6417    27.1180 1.4652e-01     0.0759      0.476    1481.88   66.87118    6.44726  0.000e+00
    191.316     7.1330    34.6416    27.1179 1.3431e-01     0.0747      0.476    1481.88   66.81588    6.44195  0.000e+00
    191.316     7.1328    34.6420    27.1182 1.4652e-01     0.0759      0.476    1481.88   66.81688    6.44206  0.000e+00
    191.356     7.1328    34.6420    27.1183 1.4652e-01     0.0735      0.476    1481.88   66.87449    6.44761  0.000e+00
    191.377     7.1330    34.6418    27.1181 1.4652e-01     0.0747      0.480    1481.88   66.86841    6.44700  0.000e+00
    191.402     7.1330    34.6418    27.1181 1.4652e-01     0.0747      0.480    1481.88   66.87060    6.44722  0.000e+00
    191.417     7.1330    34.6418    27.1181 1.3431e-01     0.0735      0.480    1481.88   66.88126    6.44825  0.000e+00
    191.452     7.1330    34.6418    27.1181 1.3431e-01     0.0722      0.480    1481.89   66.89275    6.44935  0.000e+00
    191.465     7.1330    34.6421    27.1183 1.3431e-01     0.0735      0.480    1481.89   66.90471    6.45050  0.000e+00
    191.490     7.1331    34.6420    27.1182 1.3431e-01     0.0710      0.487    1481.89   66.90919    6.45091  0.000e+00
    191.516     7.1330    34.6419    27.1181 1.3431e-01     0.0747      0.491    1481.89   66.85875    6.44607  0.000e+00
    191.539     7.1331    34.6416    27.1179 1.3431e-01     0.0759      0.487    1481.89   66.85664    6.44586  0.000e+00
    191.551     7.1330    34.6418    27.1181 1.3431e-01     0.0735      0.491    1481.89   66.83866    6.44414  0.000e+00
    191.565     7.1330    34.6414    27.1178 1.3431e-01     0.0735      0.495    1481.89   66.83714    6.44400  0.000e+00
    191.636     7.1328    34.6420    27.1183 1.3431e-01     0.0722      0.498    1481.89   66.83678    6.44397  0.000e+00
    191.636     7.1330    34.6419    27.1181 1.4652e-01     0.0735      0.502    1481.89   66.83644    6.44393  0.000e+00
    191.661     7.1329    34.6421    27.1183 1.3431e-01     0.0759      0.505    1481.89   66.83700    6.44398  0.000e+00
    191.676     7.1331    34.6416    27.1179 1.4652e-01     0.0771      0.509    1481.89   66.82987    6.44328  0.000e+00
    191.711     7.1330    34.6417    27.1180 1.4652e-01     0.0747      0.509    1481.89   66.83150    6.44346  0.000e+00
    191.735     7.1327    34.6422    27.1184 1.3431e-01     0.0735      0.513    1481.89   66.89723    6.44981  0.000e+00
    191.749     7.1330    34.6420    27.1182 1.4652e-01     0.0735      0.509    1481.89   66.83578    6.44386  0.000e+00
    191.787     7.1330    34.6419    27.1182 1.4652e-01     0.0735      0.502    1481.89   66.83051    6.44334  0.000e+00
    191.785     7.1330    34.6420    27.1182 1.4652e-01     0.0747      0.498    1481.89   66.83346    6.44363  0.000e+00
    191.810     7.1331    34.6421    27.1183 1.3431e-01     0.0747      0.498    1481.89   66.82906    6.44318  0.000e+00
    191.859     7.1329    34.6421    27.1184 1.4652e-01     0.0747      0.505    1481.89   66.83346    6.44364  0.000e+00
    191.861     7.1328    34.6421    27.1183 1.4652e-01     0.0735      0.509    1481.89   66.83809    6.44410  0.000e+00
    191.896     7.1328    34.6421    27.1183 1.4652e-01     0.0735      0.505    1481.89   66.83543    6.44384  0.000e+00
    191.909     7.1329    34.6420    27.1183 1.4652e-01     0.0759      0.498    1481.89   66.84113    6.44439  0.000e+00
    191.933     7.1330    34.6419    27.1182 1.4652e-01     0.0759      0.495    1481.89   66.83937    6.44421  0.000e+00
    191.960     7.1330    34.6422    27.1184 1.4652e-01     0.0759      0.495    1481.89   66.83795    6.44406  0.000e+00
    191.983     7.1327    34.6422    27.1184 1.4652e-01     0.0784      0.491    1481.89   66.83686    6.44399  0.000e+00
    192.008     7.1330    34.6422    27.1184 1.4652e-01     0.0771      0.487    1481.89   66.84429    6.44467  0.000e+00
    192.019     7.1330    34.6422    27.1184 1.4652e-01     0.0771      0.491    1481.89   66.84406    6.44465  0.000e+00
    192.046     7.1329    34.6420    27.1183 1.4652e-01     0.0784      0.513    1481.89   66.84430    6.44469  0.000e+00
    192.069     7.1331    34.6417    27.1180 1.4652e-01     0.0796      0.516    1481.90   66.84481    6.44472  0.000e+00
    192.080     7.1328    34.6420    27.1183 1.3431e-01     0.0796      0.509    1481.90   66.84560    6.44483  0.000e+00
    192.105     7.1329    34.6419    27.1182 1.4652e-01     0.0784      0.502    1481.90   66.84680    6.44494  0.000e+00
    192.130     7.1331    34.6417    27.1180 1.4652e-01     0.0771      0.495    1481.90   66.84831    6.44506  0.000e+00
    192.145     7.1330    34.6420    27.1183 1.3431e-01     0.0784      0.491    1481.90   66.85010    6.44524  0.000e+00
    192.168     7.1329    34.6420    27.1183 1.3431e-01     0.0771      0.491    1481.90   66.85228    6.44546  0.000e+00
    192.179     7.1331    34.6419    27.1182 1.4652e-01     0.0796      0.498    1481.90   66.85467    6.44566  0.000e+00
    192.217     7.1328    34.6420    27.1183 1.3431e-01     0.0771      0.505    1481.90   66.79414    6.43986  0.000e+00
    192.219     7.1330    34.6420    27.1182 1.4652e-01     0.0759      0.505    1481.90   66.85305    6.44551  0.000e+00
    192.242     7.1331    34.6417    27.1180 1.4652e-01     0.0747      0.498    1481.90   66.85686    6.44588  0.000e+00
    192.254     7.1329    34.6421    27.1184 1.3431e-01     0.0747      0.495    1481.90   66.86093    6.44629  0.000e+00
    192.292     7.1331    34.6419    27.1182 1.4652e-01     0.0771      0.491    1481.90   66.92904    6.45283  0.000e+00
    192.292     7.1331    34.6417    27.1180 1.4652e-01     0.0759      0.491    1481.90   66.87770    6.44789  0.000e+00
    192.306     7.1330    34.6420    27.1182 1.4652e-01     0.0759      0.491    1481.90   66.88245    6.44835  0.000e+00
    192.316     7.1330    34.6421    27.1183 1.3431e-01     0.0759      0.487    1481.90   66.88748    6.44884  0.000e+00
    192.303     7.1328    34.6422    27.1184 1.4652e-01     0.0759      0.487    1481.90   66.89265    6.44935  0.000e+00
