Rawdata/2018_07_17/VT66_20180717_down.cnv
* Sea-Bird SBE 9 Data File:
* FileName = C:\CTD Brukere\NIVA\OKOKYST2018\2018_07_17\VT66_20180717.hdr
* Software Version Seasave V 7.21f
* Temperature SN = 5352
* Conductivity SN = 3840
* Number of Bytes Per Scan = 28
* Number of Voltage Words = 4
* Number of Scans Averaged by the Deck Unit = 1
* NMEA baud rate = 4800
** Ship: R/V Trygve Braarud
** Cruise:
** Station:
** Operator:
# nquan = 11
# nvalues = 9613                                  
# units = specified
# name 0 = depSM: Depth [salt water, m], lat = 0.00
# name 1 = t090C: Temperature [ITS-90, deg C]
# name 2 = sal00: Salinity, Practical [PSU]
# name 3 = sigma-t00: Density [sigma-t, Kg/m^3 ]
# name 4 = flSP: Fluorescence, Seapoint
# name 5 = wetStar: Fluorescence, WET Labs WETstar [mg/m^3]
# name 6 = seaTurbMtr: Turbidity, Seapoint [FTU]
# name 7 = svCM: Sound Velocity [Chen-Millero, m/s]
# name 8 = sbeox0PS: Oxygen, SBE 43 [% saturation]
# name 9 = sbeox0Mg/L: Oxygen, SBE 43 [mg/l]
# name 10 = flag:  0.000e+00
# span 0 =     -0.137,    200.531                 
# span 1 =     6.9203,    22.8281                 
# span 2 =     3.0489,    34.6430                 
# span 3 =    -0.0959,    27.1191                 
# span 4 = 1.3431e-01, 7.8388e+00                 
# span 5 =     0.0686,     0.2835                 
# span 6 =      0.454,     10.879                 
# span 7 =    1477.99,    1513.45                 
# span 8 =   65.06873,  111.51238                 
# span 9 =    6.27889,    9.03407                 
# span 10 = 0.0000e+00, 0.0000e+00                
# interval = seconds: 0.0416667
# start_time = Jul 17 2018 16:14:54 [System UTC, first data scan.]
# bad_flag = -9.990e-29
*END*
[from data line 525]
     -0.015    22.6830    12.2011     6.8125 1.8559e+00     0.2725      1.062    1503.78   86.72173    6.97480  0.000e+00
     -0.018    22.6814    14.8315     8.7922 1.8681e+00     0.2713      1.066    1506.65   86.75483    6.87235  0.000e+00
     -0.015    22.6800    14.7362     8.7208 1.8926e+00     0.2713      1.088    1506.54   86.72873    6.87425  0.000e+00
     -0.028    22.6786    13.0274     7.4354 1.9048e+00     0.2713      1.121    1504.67   86.70139    6.94050  0.000e+00
     -0.018    22.6771    16.6602    10.1698 1.9048e+00     0.2737      1.139    1508.62   86.67338    6.79420  0.000e+00
     -0.028    22.6760    17.0283    10.4472 1.8926e+00     0.2725      1.125    1509.02   86.64443    6.77761  0.000e+00
     -0.028    22.6750    13.7444     7.9758 1.8926e+00     0.2701      1.099    1505.44   86.61498    6.90537  0.000e+00
     -0.041    22.6744    15.3127     9.1561 1.8926e+00     0.2713      1.081    1507.15   86.58497    6.84071  0.000e+00
     -0.028    22.6741    16.5304    10.0728 1.8803e+00     0.2701      1.055    1508.47   86.55117    6.79009  0.000e+00
     -0.039    22.6738    13.8475     8.0536 1.8681e+00     0.2664      1.022    1505.55   86.51681    6.89358  0.000e+00
     -0.054    22.6736    13.1267     7.5113 1.8681e+00     0.2652      0.993    1504.77   86.48227    6.91963  0.000e+00
     -0.039    22.6732    13.2391     7.5960 1.8559e+00     0.2639      0.971    1504.89   86.44803    6.91245  0.000e+00
     -0.028    22.6736    12.8008     7.2661 1.8437e+00     0.2639      0.963    1504.41   86.41395    6.92721  0.000e+00
     -0.078    22.6733    12.4043     6.9679 1.8315e+00     0.2639      0.960    1503.98   86.43378    6.94473  0.000e+00
     -0.028    22.6738    12.4673     7.0152 1.8193e+00     0.2652      0.956    1504.05   86.40420    6.93977  0.000e+00
     -0.052    22.6741    12.1824     6.8007 1.8193e+00     0.2652      0.949    1503.74   86.37049    6.94845  0.000e+00
     -0.052    22.6748    11.9611     6.6340 1.8437e+00     0.2664      0.945    1503.50   86.33753    6.95461  0.000e+00
     -0.054    22.6753    11.9450     6.6218 1.8437e+00     0.2639      0.938    1503.48   86.36321    6.95725  0.000e+00
     -0.039    22.6759    11.5327     6.3115 1.8437e+00     0.2639      0.919    1503.03   86.33522    6.97152  0.000e+00
     -0.052    22.6765    11.3115     6.1449 1.8315e+00     0.2652      0.908    1502.79   86.36577    6.98282  0.000e+00
     -0.054    22.6771    11.4493     6.2485 1.8559e+00     0.2664      0.912    1502.95   86.39703    6.97972  0.000e+00
     -0.039    22.6781    10.9001     5.8350 1.8559e+00     0.2676      0.930    1502.35   86.43650    7.00497  0.000e+00
     -0.052    22.6788    10.3306     5.4064 1.8681e+00     0.2688      0.949    1501.73   86.42194    7.02679  0.000e+00
     -0.054    22.6797    10.1706     5.2858 1.8681e+00     0.2664      0.963    1501.56   86.46273    7.03650  0.000e+00
     -0.039    22.6814     9.9922     5.1512 1.8926e+00     0.2664      0.978    1501.37   86.50813    7.04723  0.000e+00
     -0.015    22.6825    10.0115     5.1654 1.9292e+00     0.2664      0.982    1501.39   86.55796    7.05036  0.000e+00
     -0.041    22.6837    10.2758     5.3640 1.9292e+00     0.2688      0.971    1501.68   86.61163    7.04380  0.000e+00
     -0.039    22.6848    10.1519     5.2705 1.9292e+00     0.2676      0.960    1501.55   86.66618    7.05315  0.000e+00
     -0.028    22.6864    10.1174     5.2441 1.9048e+00     0.2639      0.949    1501.52   86.72887    7.05945  0.000e+00
     -0.041    22.6858    10.3613     5.4278 1.8803e+00     0.2627      0.949    1501.78   86.73366    7.04997  0.000e+00
     -0.028    22.6865    10.1952     5.3026 1.8437e+00     0.2639      0.963    1501.60   86.79765    7.06185  0.000e+00
     -0.015    22.6887    10.2546     5.3468 1.8437e+00     0.2639      0.978    1501.67   86.86612    7.06472  0.000e+00
     -0.029    22.6904    10.7464     5.7163 1.8437e+00     0.2603      0.982    1502.22   86.88055    7.04561  0.000e+00
     -0.039    22.6909    10.6105     5.6140 1.8315e+00     0.2603      0.985    1502.07   86.89585    7.05232  0.000e+00
     -0.028    22.6890    10.8051     5.7608 1.8315e+00     0.2627      0.989    1502.28   86.96656    7.05038  0.000e+00
     -0.029    22.6867    12.5242     7.0547 1.8315e+00     0.2615      1.007    1504.15   86.98355    6.98233  0.000e+00
     -0.028    22.6858    12.5562     7.0790 1.8437e+00     0.2627      1.011    1504.18   86.99797    6.98231  0.000e+00
     -0.028    22.6846    11.9787     6.6448 1.8681e+00     0.2615      1.004    1503.54   87.07147    7.01174  0.000e+00
     -0.029    22.6816    12.6510     7.1513 1.9048e+00     0.2639      1.004    1504.27   87.02960    6.98156  0.000e+00
     -0.039    22.6788    13.0194     7.4293 1.9292e+00     0.2639      1.004    1504.66   87.03955    6.96787  0.000e+00
     -0.028    22.6759    12.7498     7.2272 1.9292e+00     0.2664      1.011    1504.36   87.05092    6.98003  0.000e+00
     -0.041    22.6736    14.0739     8.2240 1.9170e+00     0.2639      1.026    1505.80   87.05967    6.92778  0.000e+00
     -0.039    22.6707    16.7539    10.2420 1.9048e+00     0.2639      1.037    1508.71   87.01182    6.81783  0.000e+00
     -0.039    22.6696    14.1956     8.3166 1.8803e+00     0.2627      1.029    1505.92   87.07072    6.92430  0.000e+00
     -0.041    22.6688    15.8478     9.5604 1.8681e+00     0.2615      1.011    1507.72   87.01846    6.85442  0.000e+00
     -0.052    22.6688    18.3052    11.4107 1.8559e+00     0.2639      0.985    1510.39   86.96041    6.75314  0.000e+00
     -0.039    22.6687    16.5673    10.1021 1.8437e+00     0.2627      0.967    1508.50   87.01319    6.82555  0.000e+00
     -0.054    22.6690    16.3016     9.9019 1.8193e+00     0.2615      0.982    1508.21   86.95106    6.83113  0.000e+00
     -0.052    22.6697    18.2344    11.3572 1.8193e+00     0.2578      0.996    1510.32   86.94162    6.75434  0.000e+00
     -0.039    22.6706    16.9100    10.3596 1.8315e+00     0.2591      0.982    1508.88   86.93037    6.80531  0.000e+00
     -0.054    22.6717    16.0984     9.7483 1.8315e+00     0.2591      0.949    1508.00   86.92064    6.83643  0.000e+00
     -0.052    22.6732    18.2004    11.3307 1.8315e+00     0.2578      0.941    1510.29   86.90930    6.75273  0.000e+00
     -0.052    22.6741    17.7248    10.9722 1.8315e+00     0.2591      0.960    1509.77   86.89610    6.77020  0.000e+00
     -0.041    22.6752    15.0817     8.9821 1.8315e+00     0.2615      0.982    1506.90   86.88122    6.87320  0.000e+00
     -0.028    22.6765    17.2820    10.6381 1.8315e+00     0.2615      0.967    1509.30   86.86458    6.78480  0.000e+00
     -0.015    22.6781    18.7814    11.7670 1.8315e+00     0.2639      0.949    1510.93   86.84614    6.72456  0.000e+00
      0.006    22.6788    18.9254    11.8754 1.8315e+00     0.2639      0.938    1511.09   86.88399    6.72180  0.000e+00
     -0.003    22.6802    18.9968    11.9287 1.8315e+00     0.2639      0.938    1511.17   86.86516    6.71740  0.000e+00
     -0.003    22.6820    19.0227    11.9478 1.8193e+00     0.2652      0.916    1511.21   86.90256    6.71907  0.000e+00
     -0.041    22.6835    18.3719    11.4571 1.8071e+00     0.2615      0.890    1510.50   86.88299    6.74272  0.000e+00
      0.021    22.6839    18.2254    11.3467 1.8071e+00     0.2603      0.872    1510.35   86.92036    6.75129  0.000e+00
      0.057    22.6832    18.6283    11.6504 1.7949e+00     0.2603      0.853    1510.78   86.95872    6.73862  0.000e+00
      0.066    22.6822    16.2129     9.8318 1.8071e+00     0.2627      0.842    1508.15   87.00175    6.83697  0.000e+00
      0.092    22.6816    17.1198    10.5147 1.8071e+00     0.2639      0.850    1509.14   86.98812    6.80020  0.000e+00
      0.128    22.6799    18.7054    11.7093 1.8193e+00     0.2652      0.857    1510.86   87.03016    6.74156  0.000e+00
      0.139    22.6783    19.0440    11.9649 1.8193e+00     0.2627      0.864    1511.22   87.07301    6.73187  0.000e+00
      0.138    22.6759    19.0489    11.9691 1.8071e+00     0.2627      0.864    1511.22   87.06224    6.73115  0.000e+00
      0.139    22.6729    19.0526    11.9727 1.8071e+00     0.2627      0.883    1511.22   87.10697    6.73483  0.000e+00
      0.164    22.6711    19.0520    11.9727 1.8071e+00     0.2639      0.923    1511.21   87.15672    6.73892  0.000e+00
      0.187    22.6711    19.0496    11.9710 1.8071e+00     0.2627      0.916    1511.21   87.21128    6.74322  0.000e+00
      0.213    22.6736    19.0336    11.9582 1.8193e+00     0.2627      0.886    1511.20   87.21266    6.74366  0.000e+00
      0.224    22.6765    19.0236    11.9499 1.8193e+00     0.2615      0.864    1511.20   87.26944    6.74807  0.000e+00
      0.234    22.6794    19.0110    11.9397 1.8193e+00     0.2603      0.853    1511.19   87.33087    6.75297  0.000e+00
      0.248    22.6809    18.9775    11.9140 1.8315e+00     0.2591      0.846    1511.16   87.33884    6.75470  0.000e+00
      0.248    22.6816    18.9677    11.9065 1.8315e+00     0.2603      0.832    1511.15   87.34779    6.75569  0.000e+00
      0.273    22.6834    18.9624    11.9020 1.8193e+00     0.2627      0.824    1511.15   87.35844    6.75651  0.000e+00
      0.282    22.6869    18.9339    11.8796 1.8193e+00     0.2627      0.821    1511.13   87.42866    6.76262  0.000e+00
      0.284    22.6905    18.9195    11.8678 1.8315e+00     0.2603      0.813    1511.12   87.44584    6.76406  0.000e+00
      0.308    22.6932    18.9101    11.8600 1.8193e+00     0.2566      0.806    1511.12   87.46108    6.76528  0.000e+00
      0.318    22.6969    18.8862    11.8411 1.8315e+00     0.2566      0.802    1511.11   87.59404    6.77604  0.000e+00
      0.331    22.6998    18.8807    11.8361 1.8315e+00     0.2566      0.806    1511.11   87.61956    6.77787  0.000e+00
      0.344    22.7014    18.8751    11.8315 1.8193e+00     0.2566      0.810    1511.11   87.75901    6.78868  0.000e+00
      0.365    22.7002    18.8620    11.8220 1.8193e+00     0.2603      0.813    1511.09   87.90315    6.80049  0.000e+00
      0.391    22.6976    18.8663    11.8259 1.8071e+00     0.2578      0.813    1511.09   88.11361    6.81694  0.000e+00
      0.380    22.6958    18.8669    11.8268 1.8071e+00     0.2566      0.821    1511.08   88.38965    6.83848  0.000e+00
      0.416    22.6958    18.8618    11.8229 1.7949e+00     0.2517      0.853    1511.08   88.67717    6.86093  0.000e+00
      0.438    22.6979    18.8649    11.8247 1.8071e+00     0.2493      0.872    1511.09   89.03677    6.88837  0.000e+00
      0.440    22.6992    18.8668    11.8259 1.8193e+00     0.2493      0.861    1511.09   89.46363    6.92116  0.000e+00
      0.463    22.7000    18.8643    11.8238 1.8193e+00     0.2469      0.846    1511.09   89.90651    6.95541  0.000e+00
      0.463    22.7013    18.8659    11.8246 1.8193e+00     0.2432      0.828    1511.10   90.42214    6.99508  0.000e+00
      0.485    22.7025    18.8682    11.8260 1.8315e+00     0.2407      0.824    1511.10   90.95547    7.03609  0.000e+00
      0.500    22.7058    18.8657    11.8233 1.8315e+00     0.2407      0.828    1511.11   91.55950    7.08249  0.000e+00
      0.523    22.7086    18.8656    11.8225 1.8193e+00     0.2420      0.821    1511.12   92.12791    7.12609  0.000e+00
      0.521    22.7097    18.8666    11.8229 1.8193e+00     0.2407      0.821    1511.12   92.76444    7.17515  0.000e+00
      0.547    22.7097    18.8695    11.8251 1.8071e+00     0.2383      0.835    1511.13   93.35583    7.22077  0.000e+00
      0.559    22.7106    18.8725    11.8271 1.8071e+00     0.2359      0.846    1511.13   94.07855    7.27642  0.000e+00
      0.572    22.7116    18.8735    11.8276 1.8193e+00     0.2383      0.850    1511.14   94.75705    7.32872  0.000e+00
      0.581    22.7146    18.8791    11.8311 1.8193e+00     0.2371      0.839    1511.15   95.39002    7.37704  0.000e+00
      0.596    22.7182    18.8803    11.8310 1.8315e+00     0.2359      0.842    1511.16   96.08901    7.43055  0.000e+00
      0.596    22.7212    18.8786    11.8289 1.8193e+00     0.2346      0.846    1511.17   96.79816    7.48505  0.000e+00
      0.619    22.7284    18.8831    11.8304 1.8315e+00     0.2346      0.846    1511.19   97.45837    7.53492  0.000e+00
      0.641    22.7370    18.8823    11.8275 1.8315e+00     0.2346      0.842    1511.21   98.12283    7.58514  0.000e+00
      0.643    22.7426    18.8812    11.8252 1.8437e+00     0.2334      0.828    1511.23   98.84858    7.64051  0.000e+00
      0.667    22.7507    18.8849    11.8259 1.8437e+00     0.2334      0.824    1511.25   99.52205    7.69127  0.000e+00
      0.667    22.7595    18.8836    11.8226 1.8315e+00     0.2334      0.846    1511.28  100.13804    7.73769  0.000e+00
      0.690    22.7651    18.8821    11.8200 1.8071e+00     0.2334      0.857    1511.29  100.81302    7.78912  0.000e+00
      0.703    22.7675    18.8876    11.8235 1.7949e+00     0.2334      0.861    1511.30  101.42949    7.83615  0.000e+00
      0.727    22.7673    18.8888    11.8245 1.7949e+00     0.2346      0.853    1511.30  102.04509    7.88368  0.000e+00
      0.714    22.7670    18.8881    11.8240 1.7705e+00     0.2322      0.839    1511.30  102.65435    7.93083  0.000e+00
      0.737    22.7654    18.8948    11.8295 1.7705e+00     0.2310      0.821    1511.31  103.20325    7.97315  0.000e+00
      0.750    22.7635    18.8968    11.8315 1.7705e+00     0.2322      0.810    1511.30  103.86106    8.02416  0.000e+00
      0.775    22.7621    18.8968    11.8319 1.7705e+00     0.2322      0.813    1511.30  104.40194    8.06616  0.000e+00
      0.763    22.7610    18.9027    11.8366 1.7582e+00     0.2322      0.810    1511.30  104.92980    8.10682  0.000e+00
      0.797    22.7612    18.9048    11.8381 1.7216e+00     0.2273      0.802    1511.31  105.50669    8.15127  0.000e+00
      0.810    22.7610    18.9051    11.8384 1.7094e+00     0.2237      0.806    1511.31  106.01866    8.19083  0.000e+00
      0.823    22.7621    18.9104    11.8422 1.7216e+00     0.2249      0.810    1511.32  106.45771    8.22434  0.000e+00
      0.835    22.7663    18.9106    11.8411 1.7094e+00     0.2224      0.817    1511.33  106.93899    8.26088  0.000e+00
      0.846    22.7700    18.9118    11.8411 1.6850e+00     0.2212      0.832    1511.34  107.40832    8.29652  0.000e+00
      0.859    22.7799    18.9183    11.8434 1.6850e+00     0.2175      0.839    1511.37  107.74721    8.32087  0.000e+00
      0.870    22.7891    18.9152    11.8386 1.6850e+00     0.2200      0.832    1511.39  108.12034    8.34844  0.000e+00
      0.883    22.7953    18.9148    11.8367 1.6606e+00     0.2175      0.832    1511.41  108.47711    8.37507  0.000e+00
      0.893    22.8011    18.9251    11.8430 1.6728e+00     0.2163      0.839    1511.44  108.81633    8.39987  0.000e+00
      0.906    22.8065    18.9242    11.8408 1.6606e+00     0.2139      0.828    1511.45  109.07583    8.41911  0.000e+00
      0.919    22.8107    18.9273    11.8420 1.6728e+00     0.2127      0.821    1511.47  109.30989    8.43639  0.000e+00
      0.931    22.8119    18.9437    11.8541 1.6972e+00     0.2127      0.821    1511.49  109.46044    8.44700  0.000e+00
      0.929    22.8131    18.9409    11.8517 1.6850e+00     0.2127      0.824    1511.49  109.58445    8.45653  0.000e+00
      0.966    22.8153    18.9430    11.8526 1.6484e+00     0.2102      0.813    1511.50  109.67850    8.46335  0.000e+00
      0.966    22.8211    18.9563    11.8611 1.6484e+00     0.2114      0.802    1511.53  109.74036    8.46658  0.000e+00
      0.991    22.8236    18.9503    11.8560 1.6361e+00     0.2114      0.802    1511.53  109.72214    8.46508  0.000e+00
      1.002    22.8222    18.9582    11.8623 1.6484e+00     0.2127      0.828    1511.53  109.72861    8.46542  0.000e+00
