Rawdata/2018_07_17/VT67_20180717_down.cnv
* Sea-Bird SBE 9 Data File:
* FileName = C:\CTD Brukere\NIVA\OKOKYST2018\2018_07_17\VT67_20180717.hdr
* Software Version Seasave V 7.21f
* Temperature SN = 5352
* Conductivity SN = 3840
* Number of Bytes Per Scan = 28
* Number of Voltage Words = 4
* Number of Scans Averaged by the Deck Unit = 1
* NMEA baud rate = 4800
** Ship: R/V Trygve Braarud
** Cruise:
** Station:
** Operator:
# nquan = 11
# nvalues = 5548                                  
# units = specified
# name 0 = depSM: Depth [salt water, m], lat = 0.00
# name 1 = t090C: Temperature [ITS-90, deg C]
# name 2 = sal00: Salinity, Practical [PSU]
# name 3 = sigma-t00: Density [sigma-t, Kg/m^3 ]
# name 4 = flSP: Fluorescence, Seapoint
# name 5 = wetStar: Fluorescence, WET Labs WETstar [mg/m^3]
# name 6 = seaTurbMtr: Turbidity, Seapoint [FTU]
# name 7 = svCM: Sound Velocity [Chen-Millero, m/s]
# name 8 = sbeox0PS: Oxygen, SBE 43 [% saturation]
# name 9 = sbeox0Mg/L: Oxygen, SBE 43 [mg/l]
# name 10 = flag:  0.000e+00
# span 0 =     -0.144,    100.527                 
# span 1 =     6.7894,    20.9832                 
# span 2 =    12.4715,    34.7044                 
# span 3 =     7.4389,    27.1872                 
# span 4 = 1.4652e-01, 4.6764e+00                 
# span 5 =     0.0539,     0.5081                 
# span 6 =      0.440,      1.799                 
# span 7 =    1477.43,    1511.87                 
# span 8 =   70.63568,  117.82030                 
# span 9 =    6.82957,    9.47935                 
# span 10 = 0.0000e+00, 0.0000e+00                
# interval = seconds: 0.0416667
# start_time = Jul 17 2018 17:05:09 [System UTC, first data scan.]
# bad_flag = -9.990e-29
*END*
[from data line 2623]
     48.466     6.7964    34.0565    26.7032 3.1746e-01     0.0893      0.465    1477.48   81.82689    7.98103  0.000e+00
     48.481     6.7958    34.0565    26.7033 4.6398e-01     0.0906      0.465    1477.48   81.82967    7.98141  0.000e+00
     48.502     6.7948    34.0568    26.7037 6.4713e-01     0.0881      0.462    1477.48   81.83224    7.98182  0.000e+00
     48.530     6.7948    34.0561    26.7031 6.1050e-01     0.0881      0.462    1477.48   81.83444    7.98207  0.000e+00
     48.538     6.7943    34.0564    26.7034 4.8840e-01     0.0906      0.462    1477.48   81.84415    7.98309  0.000e+00
     48.566     6.7923    34.0597    26.7063 4.2735e-01     0.0906      0.458    1477.47   81.79203    7.97822  0.000e+00
     48.588     6.7921    34.0644    26.7100 3.9072e-01     0.0918      0.458    1477.48   81.79452    7.97824  0.000e+00
     48.611     6.7948    34.0698    26.7139 3.9072e-01     0.0906      0.458    1477.50   81.79701    7.97770  0.000e+00
     48.613     6.7982    34.0703    26.7138 4.3956e-01     0.0893      0.458    1477.51   81.79951    7.97731  0.000e+00
     48.634     6.7989    34.0686    26.7124 4.8840e-01     0.0918      0.465    1477.51   81.80284    7.97758  0.000e+00
     48.662     6.7985    34.0676    26.7117 6.4713e-01     0.0893      0.469    1477.51   81.86892    7.98416  0.000e+00
     48.683     6.7981    34.0697    26.7134 7.3260e-01     0.0881      0.476    1477.51   81.88035    7.98523  0.000e+00
     48.698     6.8010    34.0734    26.7160 5.8608e-01     0.0857      0.473    1477.53   81.89134    7.98557  0.000e+00
     48.722     6.8041    34.0764    26.7179 4.2735e-01     0.0881      0.469    1477.54   81.84018    7.97986  0.000e+00
     48.743     6.8075    34.0757    26.7169 3.2967e-01     0.0893      0.473    1477.56   81.90606    7.98570  0.000e+00
     48.769     6.8111    34.0756    26.7163 2.5641e-01     0.0893      0.469    1477.57   81.91739    7.98614  0.000e+00
     48.779     6.8147    34.0764    26.7164 2.3199e-01     0.0918      0.462    1477.59   81.92856    7.98654  0.000e+00
     48.818     6.8183    34.0770    26.7164 2.4420e-01     0.0942      0.458    1477.60   81.94001    7.98694  0.000e+00
     48.828     6.8220    34.0759    26.7151 2.1978e-01     0.0954      0.462    1477.61   81.94319    7.98664  0.000e+00
     48.843     6.8236    34.0732    26.7127 2.0757e-01     0.0954      0.484    1477.62   81.94635    7.98680  0.000e+00
     48.867     6.8249    34.0725    26.7120 1.9536e-01     0.0942      0.538    1477.62   81.94933    7.98689  0.000e+00
     48.900     6.8263    34.0740    26.7130 1.8315e-01     0.0942      0.586    1477.63   81.95205    7.98681  0.000e+00
     48.915     6.8279    34.0770    26.7151 1.8315e-01     0.0942      0.593    1477.64   81.95426    7.98658  0.000e+00
     48.924     6.8291    34.0803    26.7175 1.7094e-01     0.0942      0.626    1477.65   81.95612    7.98636  0.000e+00
     48.964     6.8308    34.0802    26.7172 1.7094e-01     0.0942      0.659    1477.66   81.95793    7.98623  0.000e+00
     48.985     6.8318    34.0809    26.7177 1.5873e-01     0.0954      0.630    1477.66   81.89710    7.98008  0.000e+00
     48.999     6.8342    34.0829    26.7189 1.7094e-01     0.0942      0.579    1477.67   81.95282    7.98496  0.000e+00
     49.035     6.8369    34.0856    26.7207 1.7094e-01     0.0930      0.549    1477.69   81.95384    7.98443  0.000e+00
     49.056     6.8383    34.0874    26.7219 2.0757e-01     0.0942      0.557    1477.70   81.95453    7.98414  0.000e+00
     49.060     6.8396    34.0862    26.7208 2.1978e-01     0.0930      0.531    1477.70   81.95473    7.98399  0.000e+00
     49.105     6.8398    34.0873    26.7217 2.0757e-01     0.0918      0.502    1477.70   81.95520    7.98394  0.000e+00
     49.131     6.8403    34.0904    26.7240 1.9536e-01     0.0906      0.480    1477.71   81.95510    7.98368  0.000e+00
     49.145     6.8417    34.0944    26.7269 2.3199e-01     0.0906      0.469    1477.72   81.95444    7.98314  0.000e+00
     49.179     6.8430    34.0969    26.7288 3.6630e-01     0.0893      0.465    1477.73   81.95370    7.98270  0.000e+00
     49.205     6.8444    34.0983    26.7297 5.1282e-01     0.0906      0.476    1477.74   81.95253    7.98226  0.000e+00
     49.216     6.8468    34.1023    26.7325 5.6166e-01     0.0906      0.476    1477.75   81.95078    7.98143  0.000e+00
     49.251     6.8501    34.1070    26.7358 4.8840e-01     0.0930      0.465    1477.77   81.94885    7.98039  0.000e+00
     49.290     6.8520    34.1085    26.7367 4.0293e-01     0.0930      0.462    1477.78   81.94681    7.97976  0.000e+00
     49.311     6.8524    34.1081    26.7363 3.2967e-01     0.0906      0.480    1477.78   81.94444    7.97948  0.000e+00
     49.326     6.8533    34.1104    26.7380 3.4188e-01     0.0906      0.498    1477.79   81.94164    7.97893  0.000e+00
     49.361     6.8552    34.1158    26.7420 3.4188e-01     0.0906      0.498    1477.80   81.93862    7.97800  0.000e+00
     49.371     6.8604    34.1234    26.7473 3.5409e-01     0.0918      0.491    1477.83   81.93461    7.97625  0.000e+00
     49.410     6.8670    34.1303    26.7518 4.2735e-01     0.0918      0.476    1477.87   81.93045    7.97428  0.000e+00
     49.422     6.8727    34.1338    26.7538 4.0293e-01     0.0906      0.465    1477.89   81.86357    7.96653  0.000e+00
     49.481     6.8769    34.1334    26.7529 3.7851e-01     0.0893      0.458    1477.91   81.85196    7.96467  0.000e+00
     49.482     6.8770    34.1331    26.7526 4.2735e-01     0.0881      0.454    1477.91   81.84020    7.96352  0.000e+00
     49.516     6.8775    34.1331    26.7526 3.9072e-01     0.0869      0.451    1477.91   81.82875    7.96232  0.000e+00
     49.542     6.8781    34.1340    26.7532 3.4188e-01     0.0881      0.447    1477.92   81.82514    7.96180  0.000e+00
     49.578     6.8790    34.1354    26.7542 3.2967e-01     0.0869      0.451    1477.92   81.81398    7.96048  0.000e+00
     49.601     6.8797    34.1360    26.7546 2.9304e-01     0.0869      0.451    1477.93   81.81065    7.95999  0.000e+00
     49.627     6.8802    34.1368    26.7551 3.1746e-01     0.0869      0.451    1477.93   81.74549    7.95353  0.000e+00
     49.639     6.8803    34.1393    26.7571 3.6630e-01     0.0845      0.451    1477.93   81.79763    7.95844  0.000e+00
     49.673     6.8807    34.1433    26.7602 3.2967e-01     0.0808      0.447    1477.94   81.79573    7.95798  0.000e+00
     49.699     6.8805    34.1459    26.7623 2.6862e-01     0.0808      0.451    1477.94   81.79411    7.95772  0.000e+00
     49.724     6.8807    34.1465    26.7627 2.3199e-01     0.0808      0.458    1477.95   81.78482    7.95675  0.000e+00
     49.745     6.8809    34.1473    26.7633 2.3199e-01     0.0845      0.469    1477.95   81.77548    7.95576  0.000e+00
     49.772     6.8810    34.1484    26.7642 2.4420e-01     0.0857      0.487    1477.95   81.76624    7.95479  0.000e+00
     49.795     6.8814    34.1500    26.7654 3.1746e-01     0.0845      0.480    1477.95   81.75689    7.95371  0.000e+00
     49.807     6.8827    34.1526    26.7673 3.6630e-01     0.0832      0.469    1477.96   81.74734    7.95241  0.000e+00
     49.856     6.8842    34.1541    26.7682 3.1746e-01     0.0832      0.462    1477.97   81.74611    7.95195  0.000e+00
     49.880     6.8867    34.1581    26.7711 3.2967e-01     0.0845      0.458    1477.99   81.74482    7.95115  0.000e+00
     49.890     6.8904    34.1633    26.7746 3.6630e-01     0.0869      0.458    1478.01   81.74357    7.95009  0.000e+00
     49.929     6.8939    34.1654    26.7758 3.1746e-01     0.0869      0.454    1478.02   81.73503    7.94850  0.000e+00
     49.929     6.8955    34.1646    26.7749 2.5641e-01     0.0881      0.454    1478.03   81.73422    7.94818  0.000e+00
     49.976     6.8958    34.1635    26.7741 2.3199e-01     0.0857      0.462    1478.03   81.67218    7.94215  0.000e+00
     49.988     6.8958    34.1635    26.7741 2.1978e-01     0.0832      0.462    1478.03   81.72719    7.94750  0.000e+00
     50.014     6.8956    34.1645    26.7749 2.4420e-01     0.0820      0.465    1478.03   81.72812    7.94756  0.000e+00
     50.037     6.8955    34.1653    26.7755 2.5641e-01     0.0820      0.465    1478.03   81.72933    7.94767  0.000e+00
     50.060     6.8952    34.1656    26.7758 2.6862e-01     0.0832      0.462    1478.03   81.73087    7.94786  0.000e+00
     50.074     6.8941    34.1659    26.7762 2.5641e-01     0.0820      0.462    1478.03   81.73274    7.94823  0.000e+00
     50.121     6.8923    34.1671    26.7774 2.3199e-01     0.0820      0.465    1478.02   81.73534    7.94874  0.000e+00
     50.120     6.8905    34.1684    26.7786 2.4420e-01     0.0820      0.465    1478.02   81.73773    7.94923  0.000e+00
     50.157     6.8896    34.1696    26.7797 2.5641e-01     0.0820      0.465    1478.02   81.74077    7.94963  0.000e+00
     50.182     6.8888    34.1710    26.7809 5.6166e-01     0.0832      0.465    1478.02   81.68178    7.94397  0.000e+00
     50.206     6.8880    34.1713    26.7813 8.3028e-01     0.0845      0.465    1478.01   81.73225    7.94900  0.000e+00
     50.216     6.8862    34.1706    26.7810 7.2039e-01     0.0869      0.465    1478.01   81.67384    7.94368  0.000e+00
     50.242     6.8805    34.1702    26.7814 5.0061e-01     0.0869      0.462    1477.98   81.73344    7.95054  0.000e+00
     50.267     6.8730    34.1692    26.7816 3.5409e-01     0.0869      0.462    1477.95   81.73897    7.95251  0.000e+00
     50.289     6.8660    34.1698    26.7831 2.9304e-01     0.0893      0.462    1477.93   81.74474    7.95431  0.000e+00
     50.316     6.8608    34.1705    26.7843 2.4420e-01     0.0906      0.462    1477.91   81.68846    7.94976  0.000e+00
     50.338     6.8539    34.1706    26.7853 2.3199e-01     0.0918      0.462    1477.88   81.74976    7.95697  0.000e+00
     50.363     6.8463    34.1720    26.7875 2.6862e-01     0.0893      0.469    1477.86   81.75691    7.95899  0.000e+00
     50.386     6.8409    34.1748    26.7905 3.1746e-01     0.0881      0.469    1477.84   81.76412    7.96053  0.000e+00
     50.399     6.8404    34.1759    26.7914 2.8083e-01     0.0857      0.473    1477.84   81.77099    7.96123  0.000e+00
     50.436     6.8412    34.1758    26.7912 2.8083e-01     0.0820      0.473    1477.84   81.77831    7.96181  0.000e+00
     50.459     6.8407    34.1753    26.7908 3.2967e-01     0.0832      0.473    1477.84   81.78593    7.96266  0.000e+00
     50.457     6.8398    34.1744    26.7902 3.6630e-01     0.0832      0.473    1477.83   81.79367    7.96364  0.000e+00
     50.497     6.8374    34.1742    26.7904 4.2735e-01     0.0796      0.469    1477.83   81.80231    7.96493  0.000e+00
     50.532     6.8341    34.1742    26.7909 4.5177e-01     0.0784      0.469    1477.81   81.87358    7.97247  0.000e+00
     50.532     6.8305    34.1753    26.7922 4.3956e-01     0.0759      0.484    1477.80   81.88992    7.97466  0.000e+00
     50.578     6.8291    34.1762    26.7931 3.9072e-01     0.0771      0.495    1477.80   81.90649    7.97648  0.000e+00
     50.593     6.8279    34.1766    26.7937 3.1746e-01     0.0784      0.491    1477.79   81.92273    7.97827  0.000e+00
     50.617     6.8268    34.1769    26.7940 2.5641e-01     0.0796      0.484    1477.79   81.99332    7.98533  0.000e+00
     50.640     6.8261    34.1774    26.7945 2.1978e-01     0.0820      0.480    1477.79   81.94639    7.98085  0.000e+00
     50.652     6.8249    34.1784    26.7955 1.9536e-01     0.0820      0.473    1477.78   81.95367    7.98174  0.000e+00
     50.700     6.8248    34.1792    26.7961 2.0757e-01     0.0832      0.465    1477.79   81.96090    7.98242  0.000e+00
     50.714     6.8255    34.1795    26.7962 1.9536e-01     0.0820      0.462    1477.79   82.02956    7.98896  0.000e+00
     50.749     6.8250    34.1799    26.7966 1.8315e-01     0.0820      0.458    1477.79   82.04339    7.99037  0.000e+00
     50.772     6.8244    34.1815    26.7979 1.8315e-01     0.0808      0.454    1477.79   82.05645    7.99168  0.000e+00
     50.785     6.8256    34.1808    26.7972 1.8315e-01     0.0832      0.469    1477.79   82.06059    7.99189  0.000e+00
     50.821     6.8255    34.1805    26.7970 2.3199e-01     0.0820      0.484    1477.79   82.07215    7.99306  0.000e+00
     50.846     6.8248    34.1813    26.7977 2.5641e-01     0.0832      0.495    1477.79   82.14525    8.00027  0.000e+00
     50.859     6.8243    34.1831    26.7992 2.4420e-01     0.0796      0.498    1477.79   82.10042    7.99588  0.000e+00
     50.893     6.8253    34.1838    26.7997 2.3199e-01     0.0796      0.491    1477.80   82.10959    7.99656  0.000e+00
     50.930     6.8259    34.1857    26.8011 2.5641e-01     0.0796      0.487    1477.80   82.18045    8.00326  0.000e+00
     50.942     6.8267    34.1882    26.8029 3.1746e-01     0.0796      0.487    1477.81   82.19545    8.00443  0.000e+00
     50.979     6.8269    34.1907    26.8049 3.0525e-01     0.0808      0.480    1477.81   82.20986    8.00567  0.000e+00
     51.002     6.8274    34.1904    26.8046 2.5641e-01     0.0820      0.476    1477.82   82.22310    8.00687  0.000e+00
     51.027     6.8276    34.1904    26.8046 2.1978e-01     0.0820      0.476    1477.82   82.23546    8.00806  0.000e+00
     51.051     6.8274    34.1902    26.8044 1.9536e-01     0.0832      0.476    1477.82   82.24690    8.00921  0.000e+00
     51.076     6.8273    34.1909    26.8049 1.8315e-01     0.0808      0.476    1477.82   82.31961    8.01628  0.000e+00
     51.100     6.8277    34.1909    26.8049 1.7094e-01     0.0808      0.476    1477.82   82.27416    8.01177  0.000e+00
     51.134     6.8280    34.1907    26.8047 1.9536e-01     0.0832      0.476    1477.82   82.28246    8.01253  0.000e+00
     51.160     6.8276    34.1906    26.8047 2.0757e-01     0.0808      0.484    1477.82   82.34408    8.01862  0.000e+00
     51.183     6.8263    34.1909    26.8051 2.4420e-01     0.0784      0.487    1477.81   82.35756    8.02015  0.000e+00
     51.208     6.8258    34.1914    26.8056 2.6862e-01     0.0759      0.487    1477.81   82.36969    8.02140  0.000e+00
     51.244     6.8251    34.1917    26.8059 2.4420e-01     0.0784      0.484    1477.81   82.38068    8.02259  0.000e+00
     51.257     6.8234    34.1914    26.8059 2.1978e-01     0.0796      0.487    1477.81   82.39028    8.02384  0.000e+00
     51.291     6.8210    34.1911    26.8060 2.6862e-01     0.0820      0.480    1477.80   82.39894    8.02514  0.000e+00
     51.328     6.8186    34.1907    26.8060 3.0525e-01     0.0820      0.469    1477.79   82.40635    8.02633  0.000e+00
     51.342     6.8156    34.1907    26.8064 2.6862e-01     0.0808      0.462    1477.78   82.47455    8.03353  0.000e+00
     51.364     6.8134    34.1916    26.8074 2.3199e-01     0.0808      0.458    1477.77   82.48658    8.03506  0.000e+00
     51.402     6.8132    34.1919    26.8076 1.9536e-01     0.0808      0.462    1477.77   82.48892    8.03532  0.000e+00
     51.413     6.8124    34.1925    26.8082 1.9536e-01     0.0808      0.473    1477.77   82.49712    8.03622  0.000e+00
     51.436     6.8124    34.1926    26.8083 1.9536e-01     0.0808      0.480    1477.77   82.49578    8.03609  0.000e+00
     51.474     6.8121    34.1948    26.8101 1.8315e-01     0.0820      0.484    1477.77   82.50069    8.03650  0.000e+00
     51.510     6.8142    34.1990    26.8131 1.8315e-01     0.0808      0.480    1477.78   82.50367    8.03619  0.000e+00
     51.510     6.8185    34.2028    26.8155 1.9536e-01     0.0820      0.473    1477.80   82.50437    8.03526  0.000e+00
     51.558     6.8229    34.2061    26.8175 1.9536e-01     0.0820      0.469    1477.83   82.55826    8.03952  0.000e+00
     51.570     6.8267    34.2085    26.8189 2.3199e-01     0.0832      0.462    1477.84   82.50074    8.03308  0.000e+00
     51.606     6.8315    34.2110    26.8203 2.3199e-01     0.0832      0.462    1477.87   82.49635    8.03165  0.000e+00
