Rawdata/2018_07_17/VT67_20180717_down.cnv
* Sea-Bird SBE 9 Data File:
* FileName = C:\CTD Brukere\NIVA\OKOKYST2018\2018_07_17\VT67_20180717.hdr
* Software Version Seasave V 7.21f
* Temperature SN = 5352
* Conductivity SN = 3840
* Number of Bytes Per Scan = 28
* Number of Voltage Words = 4
* Number of Scans Averaged by the Deck Unit = 1
* NMEA baud rate = 4800
** Ship: R/V Trygve Braarud
** Cruise:
** Station:
** Operator:
# nquan = 11
# nvalues = 5548                                  
# units = specified
# name 0 = depSM: Depth [salt water, m], lat = 0.00
# name 1 = t090C: Temperature [ITS-90, deg C]
# name 2 = sal00: Salinity, Practical [PSU]
# name 3 = sigma-t00: Density [sigma-t, Kg/m^3 ]
# name 4 = flSP: Fluorescence, Seapoint
# name 5 = wetStar: Fluorescence, WET Labs WETstar [mg/m^3]
# name 6 = seaTurbMtr: Turbidity, Seapoint [FTU]
# name 7 = svCM: Sound Velocity [Chen-Millero, m/s]
# name 8 = sbeox0PS: Oxygen, SBE 43 [% saturation]
# name 9 = sbeox0Mg/L: Oxygen, SBE 43 [mg/l]
# name 10 = flag:  0.000e+00
# span 0 =     -0.144,    100.527                 
# span 1 =     6.7894,    20.9832                 
# span 2 =    12.4715,    34.7044                 
# span 3 =     7.4389,    27.1872                 
# span 4 = 1.4652e-01, 4.6764e+00                 
# span 5 =     0.0539,     0.5081                 
# span 6 =      0.440,      1.799                 
# span 7 =    1477.43,    1511.87                 
# span 8 =   70.63568,  117.82030                 
# span 9 =    6.82957,    9.47935                 
# span 10 = 0.0000e+00, 0.0000e+00                
# interval = seconds: 0.0416667
# start_time = Jul 17 2018 17:05:09 [System UTC, first data scan.]
# bad_flag = -9.990e-29
*END*
[from data line 4591]
     95.805     6.9686    34.6744    27.1666 1.4652e-01     0.2505      0.586    1479.71   77.26485    7.47583  0.000e+00
     95.823     6.9691    34.6741    27.1663 1.4652e-01     0.2481      0.582    1479.71   77.25793    7.47509  0.000e+00
     95.818     6.9696    34.6738    27.1660 1.4652e-01     0.2469      0.575    1479.71   77.19364    7.46881  0.000e+00
     95.830     6.9692    34.6744    27.1665 1.4652e-01     0.2432      0.571    1479.71   77.19024    7.46852  0.000e+00
     95.805     6.9697    34.6740    27.1661 1.4652e-01     0.2420      0.571    1479.71   77.12157    7.46180  0.000e+00
     95.848     6.9697    34.6739    27.1661 1.4652e-01     0.2444      0.571    1479.71   77.11427    7.46109  0.000e+00
     95.830     6.9699    34.6738    27.1660 1.4652e-01     0.2420      0.568    1479.71   77.11216    7.46087  0.000e+00
     95.830     6.9699    34.6738    27.1660 1.5873e-01     0.2444      0.564    1479.71   77.04536    7.45441  0.000e+00
     95.830     6.9696    34.6738    27.1661 1.5873e-01     0.2444      0.564    1479.71   77.03928    7.45387  0.000e+00
     95.810     6.9699    34.6735    27.1657 1.5873e-01     0.2456      0.564    1479.71   77.03875    7.45379  0.000e+00
     95.830     6.9697    34.6741    27.1662 1.4652e-01     0.2481      0.568    1479.71   76.98179    7.44827  0.000e+00
     95.818     6.9697    34.6741    27.1662 1.4652e-01     0.2493      0.575    1479.71   76.98554    7.44864  0.000e+00
     95.830     6.9697    34.6739    27.1661 1.4652e-01     0.2505      0.579    1479.71   76.92496    7.44278  0.000e+00
     95.810     6.9701    34.6741    27.1662 1.4652e-01     0.2505      0.579    1479.72   76.92507    7.44272  0.000e+00
     95.830     6.9699    34.6736    27.1659 1.5873e-01     0.2493      0.579    1479.71   76.93170    7.44342  0.000e+00
     95.830     6.9702    34.6733    27.1655 1.5873e-01     0.2493      0.579    1479.72   76.93618    7.44381  0.000e+00
     95.818     6.9701    34.6736    27.1658 1.5873e-01     0.2469      0.582    1479.71   76.87571    7.43797  0.000e+00
     95.835     6.9701    34.6736    27.1658 1.7094e-01     0.2481      0.582    1479.71   76.81357    7.43196  0.000e+00
     95.830     6.9702    34.6734    27.1657 1.7094e-01     0.2469      0.579    1479.72   76.81223    7.43181  0.000e+00
     95.818     6.9703    34.6731    27.1654 1.7094e-01     0.2469      0.571    1479.71   76.80891    7.43149  0.000e+00
     95.835     6.9701    34.6732    27.1655 1.5873e-01     0.2469      0.568    1479.71   76.74903    7.42573  0.000e+00
     95.818     6.9701    34.6730    27.1653 1.5873e-01     0.2469      0.568    1479.71   76.74983    7.42582  0.000e+00
     95.830     6.9697    34.6735    27.1658 1.5873e-01     0.2493      0.564    1479.71   76.74900    7.42578  0.000e+00
     95.841     6.9696    34.6735    27.1658 1.5873e-01     0.2469      0.564    1479.71   76.69132    7.42022  0.000e+00
     95.823     6.9697    34.6735    27.1658 1.4652e-01     0.2469      0.564    1479.71   76.69435    7.42049  0.000e+00
     95.830     6.9696    34.6735    27.1658 1.4652e-01     0.2481      0.560    1479.71   76.63309    7.41459  0.000e+00
     95.841     6.9696    34.6734    27.1657 1.4652e-01     0.2481      0.557    1479.71   76.69550    7.42063  0.000e+00
     95.818     6.9695    34.6731    27.1655 1.4652e-01     0.2481      0.557    1479.71   76.64584    7.41585  0.000e+00
     95.823     6.9683    34.6740    27.1664 1.4652e-01     0.2456      0.553    1479.71   76.58686    7.41030  0.000e+00
     95.841     6.9673    34.6749    27.1672 1.4652e-01     0.2444      0.549    1479.71   76.58901    7.41063  0.000e+00
     95.830     6.9672    34.6745    27.1669 1.4652e-01     0.2456      0.546    1479.70   76.59694    7.41144  0.000e+00
     95.818     6.9667    34.6751    27.1674 1.4652e-01     0.2456      0.549    1479.70   76.54034    7.40602  0.000e+00
     95.835     6.9670    34.6746    27.1670 1.4652e-01     0.2493      0.557    1479.70   76.54498    7.40644  0.000e+00
     95.830     6.9673    34.6737    27.1663 1.4652e-01     0.2505      0.560    1479.70   76.48487    7.40061  0.000e+00
     95.841     6.9675    34.6736    27.1662 1.4652e-01     0.2517      0.564    1479.71   76.48594    7.40070  0.000e+00
     95.830     6.9671    34.6738    27.1664 1.4652e-01     0.2517      0.568    1479.70   76.49292    7.40142  0.000e+00
     95.835     6.9673    34.6740    27.1665 1.4652e-01     0.2517      0.571    1479.70   76.43548    7.39582  0.000e+00
     95.841     6.9675    34.6738    27.1663 1.4652e-01     0.2493      0.575    1479.71   76.43103    7.39537  0.000e+00
     95.830     6.9675    34.6737    27.1663 1.4652e-01     0.2469      0.575    1479.71   76.44024    7.39627  0.000e+00
     95.841     6.9672    34.6738    27.1664 1.4652e-01     0.2469      0.571    1479.70   76.38514    7.39099  0.000e+00
     95.823     6.9673    34.6738    27.1663 1.4652e-01     0.2505      0.571    1479.70   76.38271    7.39073  0.000e+00
     95.841     6.9675    34.6737    27.1663 1.4652e-01     0.2481      0.575    1479.71   76.38641    7.39106  0.000e+00
     95.841     6.9670    34.6737    27.1663 1.4652e-01     0.2469      0.575    1479.70   76.33314    7.38599  0.000e+00
     95.841     6.9670    34.6736    27.1662 1.4652e-01     0.2481      0.582    1479.70   76.34085    7.38674  0.000e+00
     95.835     6.9666    34.6740    27.1666 1.4652e-01     0.2505      0.586    1479.70   76.34660    7.38735  0.000e+00
     95.841     6.9666    34.6737    27.1664 1.4652e-01     0.2505      0.586    1479.70   76.35823    7.38849  0.000e+00
     95.854     6.9661    34.6742    27.1668 1.4652e-01     0.2517      0.586    1479.70   76.30508    7.38341  0.000e+00
     95.835     6.9661    34.6744    27.1670 1.4652e-01     0.2517      0.586    1479.70   76.24966    7.37804  0.000e+00
     95.841     6.9658    34.6742    27.1669 1.4652e-01     0.2517      0.586    1479.70   76.24749    7.37789  0.000e+00
     95.841     6.9659    34.6742    27.1668 1.5873e-01     0.2493      0.579    1479.70   76.25102    7.37820  0.000e+00
     95.841     6.9659    34.6743    27.1669 1.4652e-01     0.2469      0.579    1479.70   76.19772    7.37304  0.000e+00
     95.859     6.9659    34.6743    27.1669 1.5873e-01     0.2469      0.582    1479.70   76.19757    7.37303  0.000e+00
     95.841     6.9659    34.6744    27.1670 1.5873e-01     0.2469      0.579    1479.70   76.20287    7.37354  0.000e+00
     95.866     6.9659    34.6740    27.1667 1.5873e-01     0.2481      0.579    1479.70   76.20632    7.37389  0.000e+00
     95.841     6.9658    34.6741    27.1668 1.5873e-01     0.2469      0.579    1479.70   76.15214    7.36867  0.000e+00
     95.859     6.9658    34.6746    27.1672 1.4652e-01     0.2456      0.575    1479.70   76.15907    7.36931  0.000e+00
     95.854     6.9661    34.6737    27.1664 1.5873e-01     0.2493      0.575    1479.70   76.16351    7.36973  0.000e+00
     95.854     6.9659    34.6741    27.1668 1.5873e-01     0.2530      0.571    1479.70   76.11086    7.36464  0.000e+00
     95.854     6.9661    34.6738    27.1665 1.5873e-01     0.2542      0.571    1479.70   76.11888    7.36541  0.000e+00
     95.859     6.9661    34.6740    27.1667 1.5873e-01     0.2542      0.571    1479.70   76.12472    7.36596  0.000e+00
     95.866     6.9658    34.6741    27.1668 1.5873e-01     0.2530      0.582    1479.70   76.07342    7.36105  0.000e+00
     95.854     6.9659    34.6742    27.1669 1.7094e-01     0.2542      0.590    1479.70   76.07459    7.36114  0.000e+00
     95.866     6.9659    34.6740    27.1667 1.5873e-01     0.2530      0.590    1479.70   76.08145    7.36180  0.000e+00
     95.859     6.9659    34.6739    27.1666 1.5873e-01     0.2530      0.586    1479.70   76.09360    7.36299  0.000e+00
     95.879     6.9658    34.6740    27.1668 1.5873e-01     0.2505      0.582    1479.70   76.04885    7.35867  0.000e+00
     95.854     6.9659    34.6736    27.1664 1.5873e-01     0.2481      0.579    1479.70   76.05633    7.35939  0.000e+00
     95.879     6.9658    34.6737    27.1665 1.5873e-01     0.2469      0.575    1479.70   76.06171    7.35994  0.000e+00
     95.859     6.9658    34.6743    27.1669 1.9536e-01     0.2481      0.571    1479.70   76.07181    7.36089  0.000e+00
     95.866     6.9661    34.6741    27.1668 2.6862e-01     0.2505      0.575    1479.70   76.02466    7.35628  0.000e+00
     95.866     6.9659    34.6740    27.1667 3.0525e-01     0.2493      0.579    1479.70   76.02982    7.35682  0.000e+00
     95.859     6.9661    34.6743    27.1669 2.6862e-01     0.2530      0.586    1479.70   76.04003    7.35776  0.000e+00
     95.879     6.9661    34.6739    27.1666 2.3199e-01     0.2530      0.593    1479.70   76.05564    7.35929  0.000e+00
     95.866     6.9658    34.6740    27.1668 2.0757e-01     0.2505      0.601    1479.70   76.00545    7.35447  0.000e+00
     95.866     6.9661    34.6740    27.1667 1.8315e-01     0.2481      0.608    1479.70   76.01539    7.35539  0.000e+00
     95.859     6.9658    34.6741    27.1668 1.8315e-01     0.2469      0.612    1479.70   75.95980    7.35005  0.000e+00
     95.879     6.9656    34.6742    27.1669 1.7094e-01     0.2469      0.612    1479.70   75.97253    7.35131  0.000e+00
     95.854     6.9658    34.6735    27.1663 1.7094e-01     0.2493      0.619    1479.70   75.91963    7.34620  0.000e+00
     95.879     6.9656    34.6740    27.1667 1.7094e-01     0.2530      0.645    1479.70   75.91955    7.34619  0.000e+00
     95.859     6.9654    34.6743    27.1670 1.7094e-01     0.2554      0.681    1479.70   75.92420    7.34667  0.000e+00
     95.866     6.9656    34.6741    27.1668 1.5873e-01     0.2542      0.751    1479.70   75.87159    7.34154  0.000e+00
     95.854     6.9656    34.6739    27.1667 1.9536e-01     0.2517      0.835    1479.70   75.87116    7.34151  0.000e+00
     95.866     6.9658    34.6734    27.1663 2.8083e-01     0.2530      0.868    1479.70   75.87608    7.34199  0.000e+00
     95.859     6.9655    34.6742    27.1669 3.1746e-01     0.2517      0.839    1479.70   75.81535    7.33613  0.000e+00
     95.866     6.9655    34.6741    27.1668 2.8083e-01     0.2469      0.788    1479.70   75.81477    7.33607  0.000e+00
     95.854     6.9658    34.6737    27.1665 2.4420e-01     0.2444      0.744    1479.70   75.81914    7.33646  0.000e+00
     95.854     6.9656    34.6741    27.1669 2.1978e-01     0.2444      0.703    1479.70   75.75814    7.33056  0.000e+00
     95.859     6.9658    34.6738    27.1665 1.9536e-01     0.2444      0.670    1479.70   75.75721    7.33047  0.000e+00
     95.854     6.9660    34.6737    27.1664 1.8315e-01     0.2432      0.648    1479.70   75.76133    7.33083  0.000e+00
     95.866     6.9658    34.6740    27.1668 1.7094e-01     0.2444      0.634    1479.70   75.70012    7.32493  0.000e+00
     95.848     6.9658    34.6741    27.1668 1.7094e-01     0.2444      0.626    1479.70   75.69866    7.32479  0.000e+00
     95.841     6.9661    34.6738    27.1665 1.5873e-01     0.2456      0.615    1479.70   75.70244    7.32512  0.000e+00
     95.866     6.9659    34.6736    27.1664 1.5873e-01     0.2481      0.604    1479.70   75.64103    7.31921  0.000e+00
     95.841     6.9659    34.6741    27.1668 1.5873e-01     0.2493      0.597    1479.70   75.63919    7.31900  0.000e+00
     95.848     6.9658    34.6741    27.1668 1.5873e-01     0.2493      0.593    1479.70   75.64279    7.31938  0.000e+00
     95.854     6.9659    34.6736    27.1664 1.5873e-01     0.2456      0.597    1479.70   75.58890    7.31416  0.000e+00
     95.841     6.9659    34.6739    27.1666 1.5873e-01     0.2456      0.597    1479.70   75.58718    7.31399  0.000e+00
     95.854     6.9659    34.6744    27.1670 1.5873e-01     0.2481      0.597    1479.70   75.58280    7.31353  0.000e+00
     95.848     6.9658    34.6740    27.1667 1.5873e-01     0.2481      0.593    1479.70   75.58307    7.31361  0.000e+00
     95.841     6.9659    34.6738    27.1665 1.5873e-01     0.2481      0.590    1479.70   75.58814    7.31408  0.000e+00
     95.841     6.9659    34.6736    27.1664 1.7094e-01     0.2481      0.586    1479.70   75.52745    7.30822  0.000e+00
     95.841     6.9659    34.6738    27.1665 1.7094e-01     0.2481      0.579    1479.70   75.52649    7.30812  0.000e+00
     95.848     6.9659    34.6739    27.1666 1.8315e-01     0.2493      0.571    1479.70   75.53041    7.30849  0.000e+00
     95.841     6.9659    34.6736    27.1664 2.1978e-01     0.2456      0.571    1479.70   75.47640    7.30328  0.000e+00
     95.841     6.9658    34.6743    27.1669 2.4420e-01     0.2444      0.568    1479.70   75.47448    7.30309  0.000e+00
     95.841     6.9660    34.6736    27.1664 2.6862e-01     0.2469      0.568    1479.70   75.47736    7.30335  0.000e+00
     95.835     6.9658    34.6743    27.1669 2.5641e-01     0.2493      0.568    1479.70   75.48503    7.30411  0.000e+00
     95.841     6.9659    34.6738    27.1665 2.1978e-01     0.2505      0.568    1479.70   75.42696    7.29849  0.000e+00
     95.841     6.9661    34.6737    27.1664 1.9536e-01     0.2505      0.568    1479.70   75.42856    7.29862  0.000e+00
     95.841     6.9659    34.6739    27.1666 1.7094e-01     0.2493      0.564    1479.70   75.43500    7.29926  0.000e+00
     95.835     6.9659    34.6739    27.1666 1.7094e-01     0.2469      0.564    1479.70   75.43815    7.29956  0.000e+00
     95.841     6.9659    34.6739    27.1666 1.5873e-01     0.2493      0.564    1479.70   75.44593    7.30031  0.000e+00
     95.841     6.9661    34.6738    27.1665 1.5873e-01     0.2517      0.560    1479.70   75.39551    7.29542  0.000e+00
     95.818     6.9660    34.6736    27.1664 1.5873e-01     0.2542      0.564    1479.70   75.40462    7.29631  0.000e+00
     95.859     6.9658    34.6740    27.1667 1.5873e-01     0.2542      0.571    1479.70   75.41113    7.29697  0.000e+00
     95.854     6.9658    34.6741    27.1668 1.5873e-01     0.2493      0.582    1479.70   75.42169    7.29799  0.000e+00
     95.830     6.9658    34.6741    27.1668 1.7094e-01     0.2469      0.597    1479.70   75.37394    7.29337  0.000e+00
     95.848     6.9661    34.6738    27.1665 1.7094e-01     0.2456      0.604    1479.70   75.38631    7.29453  0.000e+00
     95.841     6.9659    34.6737    27.1665 1.7094e-01     0.2469      0.608    1479.70   75.39525    7.29542  0.000e+00
     95.854     6.9659    34.6741    27.1668 1.5873e-01     0.2493      0.597    1479.70   75.40888    7.29672  0.000e+00
     95.830     6.9658    34.6741    27.1668 1.5873e-01     0.2493      0.586    1479.70   75.36403    7.29240  0.000e+00
     95.848     6.9659    34.6739    27.1666 1.5873e-01     0.2517      0.579    1479.70   75.44192    7.29993  0.000e+00
     95.841     6.9660    34.6738    27.1665 1.5873e-01     0.2505      0.575    1479.70   75.33589    7.28966  0.000e+00
     95.854     6.9661    34.6737    27.1665 1.5873e-01     0.2530      0.568    1479.70   75.34469    7.29050  0.000e+00
     95.841     6.9662    34.6736    27.1663 1.5873e-01     0.2517      0.564    1479.70   75.41264    7.29706  0.000e+00
     95.848     6.9661    34.6738    27.1665 1.5873e-01     0.2505      0.564    1479.70   75.49269    7.30482  0.000e+00
     95.841     6.9659    34.6739    27.1666 1.5873e-01     0.2469      0.568    1479.70   75.38829    7.29474  0.000e+00
     95.854     6.9659    34.6736    27.1664 1.5873e-01     0.2481      0.568    1479.70   75.39806    7.29570  0.000e+00
     95.841     6.9659    34.6738    27.1665 1.4652e-01     0.2469      0.571    1479.70   75.41175    7.29701  0.000e+00
     95.859     6.9658    34.6736    27.1664 1.4652e-01     0.2493      0.571    1479.70   75.42190    7.29803  0.000e+00
     95.854     6.9659    34.6737    27.1665 1.4652e-01     0.2493      0.571    1479.70   75.37304    7.29327  0.000e+00
