Rawdata/2018_07_17/VT67_20180717_down.cnv
* Sea-Bird SBE 9 Data File:
* FileName = C:\CTD Brukere\NIVA\OKOKYST2018\2018_07_17\VT67_20180717.hdr
* Software Version Seasave V 7.21f
* Temperature SN = 5352
* Conductivity SN = 3840
* Number of Bytes Per Scan = 28
* Number of Voltage Words = 4
* Number of Scans Averaged by the Deck Unit = 1
* NMEA baud rate = 4800
** Ship: R/V Trygve Braarud
** Cruise:
** Station:
** Operator:
# nquan = 11
# nvalues = 5548                                  
# units = specified
# name 0 = depSM: Depth [salt water, m], lat = 0.00
# name 1 = t090C: Temperature [ITS-90, deg C]
# name 2 = sal00: Salinity, Practical [PSU]
# name 3 = sigma-t00: Density [sigma-t, Kg/m^3 ]
# name 4 = flSP: Fluorescence, Seapoint
# name 5 = wetStar: Fluorescence, WET Labs WETstar [mg/m^3]
# name 6 = seaTurbMtr: Turbidity, Seapoint [FTU]
# name 7 = svCM: Sound Velocity [Chen-Millero, m/s]
# name 8 = sbeox0PS: Oxygen, SBE 43 [% saturation]
# name 9 = sbeox0Mg/L: Oxygen, SBE 43 [mg/l]
# name 10 = flag:  0.000e+00
# span 0 =     -0.144,    100.527                 
# span 1 =     6.7894,    20.9832                 
# span 2 =    12.4715,    34.7044                 
# span 3 =     7.4389,    27.1872                 
# span 4 = 1.4652e-01, 4.6764e+00                 
# span 5 =     0.0539,     0.5081                 
# span 6 =      0.440,      1.799                 
# span 7 =    1477.43,    1511.87                 
# span 8 =   70.63568,  117.82030                 
# span 9 =    6.82957,    9.47935                 
# span 10 = 0.0000e+00, 0.0000e+00                
# interval = seconds: 0.0416667
# start_time = Jul 17 2018 17:05:09 [System UTC, first data scan.]
# bad_flag = -9.990e-29
*END*
[from data line 4984]
     95.890     6.9644    34.6729    27.1660 1.4652e-01     0.2517      0.619    1479.69   75.28401    7.28496  0.000e+00
     95.883     6.9644    34.6732    27.1663 1.4652e-01     0.2530      0.619    1479.69   75.28877    7.28540  0.000e+00
     95.890     6.9640    34.6735    27.1666 1.4652e-01     0.2542      0.615    1479.69   75.29401    7.28596  0.000e+00
     95.890     6.9645    34.6732    27.1663 1.4652e-01     0.2542      0.608    1479.69   75.29140    7.28564  0.000e+00
     95.854     6.9644    34.6735    27.1665 1.5873e-01     0.2517      0.597    1479.69   75.29652    7.28614  0.000e+00
     95.919     6.9644    34.6736    27.1666 1.5873e-01     0.2517      0.590    1479.69   75.30295    7.28676  0.000e+00
     95.890     6.9644    34.6735    27.1665 1.5873e-01     0.2530      0.586    1479.69   75.30877    7.28733  0.000e+00
     95.878     6.9644    34.6734    27.1665 1.5873e-01     0.2542      0.582    1479.69   75.31509    7.28794  0.000e+00
     95.883     6.9641    34.6736    27.1667 1.5873e-01     0.2554      0.579    1479.69   75.32191    7.28862  0.000e+00
     95.890     6.9644    34.6732    27.1663 1.5873e-01     0.2530      0.579    1479.69   75.32099    7.28852  0.000e+00
     95.878     6.9641    34.6735    27.1666 1.5873e-01     0.2517      0.579    1479.69   75.32797    7.28922  0.000e+00
     95.890     6.9645    34.6730    27.1661 1.5873e-01     0.2505      0.586    1479.69   75.27281    7.28384  0.000e+00
     95.872     6.9645    34.6732    27.1663 1.4652e-01     0.2493      0.590    1479.69   75.26493    7.28308  0.000e+00
     95.890     6.9641    34.6736    27.1667 1.4652e-01     0.2505      0.590    1479.69   75.25775    7.28242  0.000e+00
     95.890     6.9644    34.6734    27.1665 1.4652e-01     0.2493      0.586    1479.69   75.25066    7.28171  0.000e+00
     95.865     6.9644    34.6732    27.1663 1.4652e-01     0.2517      0.579    1479.69   75.24367    7.28104  0.000e+00
     95.895     6.9644    34.6736    27.1666 1.4652e-01     0.2517      0.568    1479.69   75.23753    7.28043  0.000e+00
     95.878     6.9645    34.6734    27.1664 1.5873e-01     0.2493      0.564    1479.69   75.23125    7.27981  0.000e+00
     95.878     6.9641    34.6736    27.1667 1.5873e-01     0.2481      0.564    1479.69   75.22550    7.27929  0.000e+00
     95.878     6.9645    34.6733    27.1663 1.7094e-01     0.2493      0.560    1479.69   75.22000    7.27872  0.000e+00
     95.883     6.9644    34.6734    27.1665 1.7094e-01     0.2493      0.564    1479.69   75.21492    7.27825  0.000e+00
     95.878     6.9645    34.6735    27.1665 1.7094e-01     0.2505      0.568    1479.69   75.21005    7.27775  0.000e+00
     95.878     6.9644    34.6735    27.1665 1.5873e-01     0.2505      0.571    1479.69   75.14294    7.27128  0.000e+00
     95.883     6.9644    34.6734    27.1665 1.5873e-01     0.2517      0.575    1479.69   75.19404    7.27623  0.000e+00
     95.878     6.9645    34.6733    27.1663 1.5873e-01     0.2493      0.582    1479.69   75.19044    7.27586  0.000e+00
     95.890     6.9641    34.6736    27.1667 1.5873e-01     0.2505      0.586    1479.69   75.18738    7.27561  0.000e+00
     95.878     6.9645    34.6733    27.1663 1.5873e-01     0.2481      0.586    1479.69   75.18434    7.27527  0.000e+00
     95.883     6.9640    34.6738    27.1668 1.7094e-01     0.2469      0.586    1479.69   75.18187    7.27509  0.000e+00
     95.890     6.9644    34.6734    27.1665 1.7094e-01     0.2481      0.582    1479.69   75.17965    7.27483  0.000e+00
     95.878     6.9641    34.6736    27.1667 1.5873e-01     0.2481      0.579    1479.69   75.11500    7.26860  0.000e+00
     95.890     6.9643    34.6735    27.1665 1.5873e-01     0.2481      0.579    1479.69   75.10610    7.26772  0.000e+00
     95.883     6.9644    34.6732    27.1663 1.5873e-01     0.2481      0.579    1479.69   75.09768    7.26691  0.000e+00
     95.890     6.9644    34.6733    27.1664 1.5873e-01     0.2493      0.582    1479.69   75.09003    7.26617  0.000e+00
     95.890     6.9641    34.6738    27.1668 1.5873e-01     0.2481      0.582    1479.69   75.08298    7.26549  0.000e+00
     95.890     6.9644    34.6735    27.1665 1.5873e-01     0.2481      0.582    1479.69   75.08457    7.26563  0.000e+00
     95.895     6.9644    34.6734    27.1665 1.5873e-01     0.2469      0.586    1479.69   75.14178    7.27117  0.000e+00
     95.903     6.9644    34.6736    27.1666 1.4652e-01     0.2493      0.593    1479.69   75.08181    7.26536  0.000e+00
     95.890     6.9645    34.6733    27.1664 1.4652e-01     0.2493      0.597    1479.69   75.07717    7.26490  0.000e+00
     95.903     6.9644    34.6732    27.1663 1.4652e-01     0.2505      0.608    1479.69   75.07345    7.26457  0.000e+00
     95.895     6.9643    34.6733    27.1664 1.5873e-01     0.2505      0.612    1479.69   75.07017    7.26425  0.000e+00
     95.903     6.9645    34.6733    27.1663 1.5873e-01     0.2493      0.619    1479.69   75.06766    7.26398  0.000e+00
     95.890     6.9641    34.6736    27.1667 1.4652e-01     0.2505      0.623    1479.69   75.12826    7.26989  0.000e+00
     95.908     6.9644    34.6734    27.1665 1.4652e-01     0.2505      0.630    1479.69   75.07190    7.26441  0.000e+00
     95.914     6.9645    34.6733    27.1663 1.4652e-01     0.2542      0.641    1479.69   75.07099    7.26430  0.000e+00
     95.903     6.9645    34.6730    27.1661 1.4652e-01     0.2530      0.659    1479.69   75.07055    7.26427  0.000e+00
     95.903     6.9641    34.6740    27.1670 1.4652e-01     0.2530      0.685    1479.69   75.07091    7.26432  0.000e+00
     95.908     6.9644    34.6731    27.1662 1.4652e-01     0.2530      0.722    1479.69   75.13453    7.27048  0.000e+00
     95.914     6.9647    34.6729    27.1660 1.4652e-01     0.2542      0.773    1479.69   75.08094    7.26526  0.000e+00
     95.914     6.9645    34.6735    27.1665 1.5873e-01     0.2517      0.835    1479.69   75.08289    7.26545  0.000e+00
     95.914     6.9644    34.6735    27.1665 1.4652e-01     0.2505      0.897    1479.69   75.08547    7.26572  0.000e+00
     95.919     6.9644    34.6736    27.1666 1.4652e-01     0.2481      0.956    1479.69   75.08874    7.26603  0.000e+00
     95.914     6.9645    34.6736    27.1666 1.5873e-01     0.2493      1.015    1479.69   75.09253    7.26637  0.000e+00
     95.914     6.9644    34.6735    27.1665 1.4652e-01     0.2505      1.070    1479.69   75.09705    7.26684  0.000e+00
     95.926     6.9645    34.6733    27.1663 1.4652e-01     0.2493      1.114    1479.69   75.10229    7.26733  0.000e+00
     95.908     6.9644    34.6734    27.1665 1.5873e-01     0.2517      1.139    1479.69   75.10791    7.26789  0.000e+00
     95.914     6.9645    34.6733    27.1663 1.4652e-01     0.2517      1.154    1479.69   75.11439    7.26850  0.000e+00
     95.926     6.9645    34.6733    27.1663 1.5873e-01     0.2505      1.172    1479.69   75.12158    7.26920  0.000e+00
     95.919     6.9645    34.6733    27.1664 1.5873e-01     0.2493      1.194    1479.69   75.12923    7.26994  0.000e+00
     95.939     6.9644    34.6734    27.1665 1.4652e-01     0.2505      1.198    1479.69   75.20042    7.27684  0.000e+00
     95.926     6.9647    34.6733    27.1663 1.4652e-01     0.2505      1.165    1479.70   75.15403    7.27231  0.000e+00
     95.926     6.9644    34.6735    27.1665 1.4652e-01     0.2530      1.099    1479.69   75.15535    7.27248  0.000e+00
     95.932     6.9645    34.6735    27.1665 1.4652e-01     0.2517      1.007    1479.69   75.15700    7.27262  0.000e+00
     95.939     6.9644    34.6735    27.1665 1.5873e-01     0.2530      0.908    1479.69   75.15901    7.27283  0.000e+00
     95.926     6.9645    34.6733    27.1663 1.9536e-01     0.2517      0.824    1479.69   75.16112    7.27302  0.000e+00
     95.926     6.9647    34.6731    27.1662 2.1978e-01     0.2505      0.762    1479.69   75.16368    7.27325  0.000e+00
     95.919     6.9645    34.6737    27.1667 1.9536e-01     0.2517      0.718    1479.69   75.16652    7.27352  0.000e+00
     95.939     6.9645    34.6734    27.1665 1.7094e-01     0.2530      0.678    1479.69   75.16993    7.27388  0.000e+00
     95.939     6.9647    34.6733    27.1663 1.5873e-01     0.2505      0.645    1479.70   75.17345    7.27419  0.000e+00
     95.932     6.9644    34.6738    27.1667 1.5873e-01     0.2481      0.623    1479.69   75.17728    7.27459  0.000e+00
     95.939     6.9645    34.6736    27.1666 1.5873e-01     0.2517      0.608    1479.70   75.18151    7.27498  0.000e+00
     95.939     6.9644    34.6735    27.1665 1.5873e-01     0.2554      0.601    1479.69   75.18602    7.27545  0.000e+00
     95.939     6.9647    34.6733    27.1663 1.5873e-01     0.2554      0.593    1479.70   75.18278    7.27509  0.000e+00
     95.944     6.9644    34.6732    27.1663 1.4652e-01     0.2542      0.590    1479.69   75.18768    7.27562  0.000e+00
     95.939     6.9645    34.6731    27.1662 1.4652e-01     0.2542      0.590    1479.69   75.19276    7.27609  0.000e+00
     95.939     6.9645    34.6735    27.1665 1.4652e-01     0.2554      0.593    1479.69   75.19823    7.27660  0.000e+00
     95.926     6.9646    34.6735    27.1665 1.4652e-01     0.2554      0.593    1479.70   75.20387    7.27713  0.000e+00
     95.944     6.9644    34.6735    27.1665 1.4652e-01     0.2554      0.601    1479.69   75.21018    7.27779  0.000e+00
     95.939     6.9647    34.6731    27.1662 1.4652e-01     0.2493      0.604    1479.70   75.21653    7.27837  0.000e+00
     95.939     6.9645    34.6735    27.1665 1.5873e-01     0.2481      0.604    1479.69   75.21527    7.27825  0.000e+00
     95.950     6.9644    34.6737    27.1667 1.5873e-01     0.2469      0.604    1479.69   75.21411    7.27815  0.000e+00
     95.944     6.9645    34.6736    27.1666 1.5873e-01     0.2481      0.604    1479.70   75.21275    7.27800  0.000e+00
     95.939     6.9645    34.6733    27.1664 1.5873e-01     0.2493      0.604    1479.69   75.21141    7.27789  0.000e+00
     95.950     6.9645    34.6735    27.1665 1.5873e-01     0.2493      0.604    1479.70   75.21024    7.27777  0.000e+00
     95.944     6.9647    34.6734    27.1664 1.5873e-01     0.2517      0.597    1479.70   75.20888    7.27761  0.000e+00
     95.950     6.9645    34.6734    27.1664 1.5873e-01     0.2493      0.593    1479.69   75.21571    7.27831  0.000e+00
     95.950     6.9648    34.6729    27.1660 1.5873e-01     0.2481      0.586    1479.70   75.27734    7.28423  0.000e+00
     95.963     6.9645    34.6732    27.1663 1.5873e-01     0.2469      0.579    1479.70   75.22130    7.27885  0.000e+00
     95.955     6.9644    34.6734    27.1664 1.5873e-01     0.2481      0.575    1479.69   75.21995    7.27874  0.000e+00
     95.963     6.9647    34.6731    27.1662 1.4652e-01     0.2481      0.571    1479.70   75.21872    7.27858  0.000e+00
     95.975     6.9644    34.6734    27.1664 1.4652e-01     0.2505      0.564    1479.69   75.28020    7.28457  0.000e+00
     95.988     6.9647    34.6733    27.1663 1.4652e-01     0.2505      0.568    1479.70   75.23182    7.27984  0.000e+00
     96.004     6.9645    34.6733    27.1663 1.4652e-01     0.2517      0.590    1479.70   75.23071    7.27976  0.000e+00
     96.011     6.9647    34.6735    27.1665 1.4652e-01     0.2505      0.612    1479.70   75.29210    7.28566  0.000e+00
     95.999     6.9649    34.6732    27.1662 1.4652e-01     0.2517      0.612    1479.70   75.29807    7.28621  0.000e+00
     96.040     6.9648    34.6734    27.1664 1.4652e-01     0.2517      0.601    1479.70   75.30426    7.28682  0.000e+00
     95.999     6.9650    34.6729    27.1660 1.4652e-01     0.2530      0.586    1479.70   75.31735    7.28808  0.000e+00
     96.060     6.9650    34.6729    27.1660 1.4652e-01     0.2542      0.579    1479.70   75.32340    7.28867  0.000e+00
     96.048     6.9650    34.6731    27.1661 1.5873e-01     0.2554      0.579    1479.70   75.32844    7.28915  0.000e+00
     96.089     6.9650    34.6728    27.1659 1.4652e-01     0.2554      0.579    1479.70   75.33366    7.28967  0.000e+00
     96.134     6.9650    34.6732    27.1662 1.4652e-01     0.2530      0.579    1479.70   75.33859    7.29012  0.000e+00
     96.134     6.9650    34.6731    27.1661 1.5873e-01     0.2530      0.579    1479.70   75.34277    7.29053  0.000e+00
     96.125     6.9650    34.6732    27.1662 1.5873e-01     0.2517      0.582    1479.70   75.34655    7.29089  0.000e+00
     96.181     6.9649    34.6731    27.1662 1.5873e-01     0.2505      0.590    1479.70   75.35064    7.29130  0.000e+00
     96.206     6.9647    34.6730    27.1661 1.5873e-01     0.2517      0.597    1479.70   75.35412    7.29168  0.000e+00
     96.243     6.9645    34.6736    27.1666 1.5873e-01     0.2505      0.590    1479.70   75.35740    7.29200  0.000e+00
     96.248     6.9645    34.6735    27.1665 1.5873e-01     0.2505      0.586    1479.70   75.36002    7.29226  0.000e+00
     96.266     6.9647    34.6730    27.1661 1.4652e-01     0.2505      0.586    1479.70   75.36243    7.29249  0.000e+00
     96.291     6.9641    34.6734    27.1665 1.4652e-01     0.2530      0.601    1479.70   75.43532    7.29961  0.000e+00
     96.309     6.9644    34.6732    27.1663 1.4652e-01     0.2542      0.601    1479.70   75.38217    7.29444  0.000e+00
     96.340     6.9640    34.6736    27.1666 1.4652e-01     0.2554      0.590    1479.70   75.38380    7.29464  0.000e+00
     96.389     6.9638    34.6734    27.1665 1.5873e-01     0.2517      0.582    1479.70   75.44789    7.30088  0.000e+00
     96.381     6.9638    34.6734    27.1665 1.4652e-01     0.2505      0.579    1479.70   75.39322    7.29560  0.000e+00
     96.413     6.9637    34.6737    27.1668 1.5873e-01     0.2517      0.582    1479.70   75.39355    7.29563  0.000e+00
     96.449     6.9634    34.6739    27.1669 1.5873e-01     0.2517      0.590    1479.70   75.39362    7.29568  0.000e+00
     96.454     6.9632    34.6739    27.1670 1.4652e-01     0.2517      0.604    1479.70   75.45567    7.30171  0.000e+00
     96.474     6.9634    34.6738    27.1669 1.4652e-01     0.2530      0.623    1479.70   75.39965    7.29627  0.000e+00
     96.499     6.9629    34.6739    27.1671 1.4652e-01     0.2554      0.623    1479.70   75.33571    7.29016  0.000e+00
     96.502     6.9630    34.6743    27.1673 1.5873e-01     0.2554      0.615    1479.70   75.45166    7.30134  0.000e+00
     96.546     6.9629    34.6746    27.1676 1.4652e-01     0.2517      0.604    1479.70   75.45758    7.30192  0.000e+00
     96.559     6.9632    34.6742    27.1673 1.4652e-01     0.2505      0.601    1479.70   75.39986    7.29629  0.000e+00
     96.576     6.9630    34.6742    27.1672 1.4652e-01     0.2517      0.593    1479.70   75.39683    7.29604  0.000e+00
     96.607     6.9632    34.6739    27.1670 1.4652e-01     0.2517      0.586    1479.70   75.39358    7.29571  0.000e+00
     96.631     6.9627    34.6744    27.1674 1.5873e-01     0.2530      0.582    1479.70   75.39001    7.29542  0.000e+00
     96.649     6.9627    34.6746    27.1676 1.7094e-01     0.2517      0.586    1479.70   75.38601    7.29502  0.000e+00
     96.656     6.9627    34.6747    27.1677 1.7094e-01     0.2493      0.597    1479.70   75.38158    7.29459  0.000e+00
     96.680     6.9626    34.6748    27.1678 1.5873e-01     0.2505      0.601    1479.70   75.37701    7.29416  0.000e+00
     96.697     6.9630    34.6746    27.1675 1.5873e-01     0.2542      0.597    1479.70   75.37198    7.29361  0.000e+00
     96.741     6.9630    34.6747    27.1676 1.4652e-01     0.2530      0.590    1479.70   75.36695    7.29312  0.000e+00
     96.754     6.9634    34.6743    27.1673 1.5873e-01     0.2530      0.593    1479.71   75.36125    7.29253  0.000e+00
     96.782     6.9634    34.6740    27.1671 1.4652e-01     0.2517      0.612    1479.71   75.35542    7.29197  0.000e+00
