Rawdata/2018_07_17/VT67_20180717_down.cnv
* Sea-Bird SBE 9 Data File:
* FileName = C:\CTD Brukere\NIVA\OKOKYST2018\2018_07_17\VT67_20180717.hdr
* Software Version Seasave V 7.21f
* Temperature SN = 5352
* Conductivity SN = 3840
* Number of Bytes Per Scan = 28
* Number of Voltage Words = 4
* Number of Scans Averaged by the Deck Unit = 1
* NMEA baud rate = 4800
** Ship: R/V Trygve Braarud
** Cruise:
** Station:
** Operator:
# nquan = 11
# nvalues = 5548                                  
# units = specified
# name 0 = depSM: Depth [salt water, m], lat = 0.00
# name 1 = t090C: Temperature [ITS-90, deg C]
# name 2 = sal00: Salinity, Practical [PSU]
# name 3 = sigma-t00: Density [sigma-t, Kg/m^3 ]
# name 4 = flSP: Fluorescence, Seapoint
# name 5 = wetStar: Fluorescence, WET Labs WETstar [mg/m^3]
# name 6 = seaTurbMtr: Turbidity, Seapoint [FTU]
# name 7 = svCM: Sound Velocity [Chen-Millero, m/s]
# name 8 = sbeox0PS: Oxygen, SBE 43 [% saturation]
# name 9 = sbeox0Mg/L: Oxygen, SBE 43 [mg/l]
# name 10 = flag:  0.000e+00
# span 0 =     -0.144,    100.527                 
# span 1 =     6.7894,    20.9832                 
# span 2 =    12.4715,    34.7044                 
# span 3 =     7.4389,    27.1872                 
# span 4 = 1.4652e-01, 4.6764e+00                 
# span 5 =     0.0539,     0.5081                 
# span 6 =      0.440,      1.799                 
# span 7 =    1477.43,    1511.87                 
# span 8 =   70.63568,  117.82030                 
# span 9 =    6.82957,    9.47935                 
# span 10 = 0.0000e+00, 0.0000e+00                
# interval = seconds: 0.0416667
# start_time = Jul 17 2018 17:05:09 [System UTC, first data scan.]
# bad_flag = -9.990e-29
*END*
[from data line 1443]
     20.440    12.6992    31.5516    23.7808 1.3431e+00     0.1467      0.568    1495.43  100.44152    8.74803  0.000e+00
     20.452    12.6748    31.5539    23.7873 1.3797e+00     0.1467      0.575    1495.35  100.36871    8.74601  0.000e+00
     20.487    12.6437    31.5567    23.7954 1.3431e+00     0.1467      0.586    1495.25  100.35457    8.75029  0.000e+00
     20.500    12.6113    31.5579    23.8025 1.2943e+00     0.1492      0.586    1495.14  100.28467    8.75004  0.000e+00
     20.525    12.5794    31.5617    23.8115 1.2698e+00     0.1504      0.579    1495.04  100.20793    8.74897  0.000e+00
     20.548    12.5446    31.5729    23.8268 1.2576e+00     0.1492      0.564    1494.94  100.13001    8.74791  0.000e+00
     20.572    12.5220    31.5786    23.8355 1.2454e+00     0.1504      0.553    1494.87  100.11197    8.75014  0.000e+00
     20.596    12.4885    31.5806    23.8434 1.2454e+00     0.1504      0.553    1494.76  100.03236    8.74921  0.000e+00
     20.609    12.4461    31.5805    23.8514 1.2576e+00     0.1480      0.560    1494.61  100.01133    8.75514  0.000e+00
     20.644    12.4150    31.5856    23.8612 1.2576e+00     0.1480      0.571    1494.51   99.93624    8.75398  0.000e+00
     20.657    12.3931    31.5870    23.8664 1.2210e+00     0.1492      0.582    1494.44   99.86086    8.75132  0.000e+00
     20.704    12.3439    31.5855    23.8745 1.2210e+00     0.1516      0.593    1494.27   99.83805    8.75843  0.000e+00
     20.704    12.2878    31.5852    23.8848 1.2698e+00     0.1504      0.604    1494.08   99.75955    8.76187  0.000e+00
     20.730    12.2332    31.5899    23.8986 1.3797e+00     0.1504      0.615    1493.90   99.73509    8.76951  0.000e+00
     20.764    12.1713    31.5899    23.9101 1.4530e+00     0.1516      0.623    1493.69   99.65560    8.77393  0.000e+00
     20.800    12.0899    31.6038    23.9361 1.4652e+00     0.1504      0.626    1493.42   99.62868    8.78583  0.000e+00
     20.800    12.0254    31.6211    23.9614 1.5629e+00     0.1528      0.634    1493.22   99.54753    8.78966  0.000e+00
     20.837    11.9812    31.6380    23.9826 1.7094e+00     0.1504      0.645    1493.09   99.52776    8.79518  0.000e+00
     20.849    11.9571    31.6507    23.9969 1.8071e+00     0.1467      0.645    1493.02   99.44811    8.79191  0.000e+00
     20.873    11.9579    31.6507    23.9968 1.9292e+00     0.1492      0.623    1493.03   99.36975    8.78483  0.000e+00
     20.896    11.9604    31.6484    23.9946 1.7949e+00     0.1528      0.601    1493.03   99.29146    8.77758  0.000e+00
     20.920    11.9558    31.6441    23.9921 1.6239e+00     0.1565      0.582    1493.01   99.27316    8.77705  0.000e+00
     20.958    11.9417    31.6456    23.9959 1.6606e+00     0.1577      0.571    1492.96   99.20051    8.77316  0.000e+00
     20.969    11.9297    31.6503    24.0017 2.0269e+00     0.1589      0.564    1492.93   99.12194    8.76816  0.000e+00
     20.992    11.9140    31.6498    24.0042 2.0879e+00     0.1602      0.564    1492.87   99.11010    8.77007  0.000e+00
     21.016    11.8776    31.6542    24.0143 1.8926e+00     0.1614      0.560    1492.75   98.97722    8.76479  0.000e+00
     21.041    11.8503    31.6630    24.0261 1.7094e+00     0.1589      0.560    1492.67   98.96017    8.76786  0.000e+00
     21.067    11.8585    31.6671    24.0278 1.5629e+00     0.1589      0.557    1492.70   98.89213    8.76008  0.000e+00
     21.089    11.8699    31.6663    24.0251 1.4286e+00     0.1626      0.553    1492.74   98.82550    8.75211  0.000e+00
     21.101    11.8612    31.6609    24.0225 1.3431e+00     0.1626      0.549    1492.71   98.75273    8.74759  0.000e+00
     21.137    11.8402    31.6550    24.0218 1.2576e+00     0.1626      0.546    1492.63   98.73490    8.75022  0.000e+00
     21.161    11.8067    31.6528    24.0262 1.1600e+00     0.1602      0.553    1492.51   98.66317    8.75017  0.000e+00
     21.163    11.7656    31.6588    24.0384 1.0989e+00     0.1602      0.560    1492.37   98.59214    8.75115  0.000e+00
     21.208    11.7430    31.6677    24.0494 1.0867e+00     0.1589      0.604    1492.31   98.51830    8.74831  0.000e+00
     21.233    11.7389    31.6725    24.0539 1.0989e+00     0.1577      0.663    1492.30   98.44087    8.74192  0.000e+00
     21.246    11.7357    31.6693    24.0519 1.0623e+00     0.1553      0.689    1492.29   98.42529    8.74130  0.000e+00
     21.281    11.7136    31.6679    24.0549 1.0379e+00     0.1589      0.681    1492.21   98.35630    8.73935  0.000e+00
     21.294    11.6931    31.6685    24.0590 1.0256e+00     0.1614      0.645    1492.14   98.34306    8.74194  0.000e+00
     21.317    11.6813    31.6736    24.0652 1.0012e+00     0.1602      0.612    1492.10   98.27808    8.73807  0.000e+00
     21.342    11.6749    31.6800    24.0713 1.0501e+00     0.1602      0.590    1492.09   98.20920    8.73277  0.000e+00
     21.364    11.6690    31.6868    24.0776 1.1722e+00     0.1614      0.590    1492.08   98.14234    8.72754  0.000e+00
     21.377    11.6661    31.6932    24.0831 1.1966e+00     0.1614      0.586    1492.07   98.13175    8.72680  0.000e+00
     21.438    11.6682    31.6950    24.0841 1.1966e+00     0.1626      0.575    1492.08   98.06990    8.72079  0.000e+00
     21.439    11.6675    31.6938    24.0834 1.1844e+00     0.1675      0.564    1492.08   98.00313    8.71505  0.000e+00
     21.460    11.6620    31.6953    24.0855 1.2088e+00     0.1663      0.560    1492.06   97.93852    8.71024  0.000e+00
     21.473    11.6576    31.7007    24.0905 1.2332e+00     0.1687      0.568    1492.06   97.93032    8.71004  0.000e+00
     21.509    11.6576    31.7041    24.0931 1.2210e+00     0.1675      0.579    1492.06   97.86451    8.70400  0.000e+00
     21.521    11.6605    31.7041    24.0926 1.2332e+00     0.1650      0.593    1492.07   97.86108    8.70315  0.000e+00
     21.558    11.6592    31.7064    24.0946 1.2943e+00     0.1638      0.601    1492.07   97.79947    8.69778  0.000e+00
     21.558    11.6572    31.7082    24.0964 1.3065e+00     0.1614      0.593    1492.06   97.79983    8.69809  0.000e+00
     21.607    11.6561    31.7090    24.0972 1.3675e+00     0.1626      0.586    1492.06   97.74264    8.69316  0.000e+00
     21.617    11.6556    31.7103    24.0983 1.3431e+00     0.1614      0.593    1492.06   97.74750    8.69362  0.000e+00
     21.654    11.6570    31.7106    24.0983 1.2821e+00     0.1626      0.608    1492.07   97.69462    8.68863  0.000e+00
     21.665    11.6554    31.7124    24.1000 1.2332e+00     0.1638      0.623    1492.06   97.63719    8.68372  0.000e+00
     21.690    11.6530    31.7130    24.1009 1.1844e+00     0.1650      0.619    1492.06   97.63606    8.68404  0.000e+00
     21.726    11.6551    31.7103    24.0984 1.1233e+00     0.1638      0.619    1492.06   97.58321    8.67910  0.000e+00
     21.726    11.6574    31.7108    24.0983 1.1355e+00     0.1638      0.626    1492.07   97.52592    8.67356  0.000e+00
     21.763    11.6589    31.7113    24.0985 1.1600e+00     0.1626      0.623    1492.08   97.47128    8.66839  0.000e+00
     21.773    11.6587    31.7111    24.0983 1.1355e+00     0.1638      0.612    1492.08   97.41243    8.66320  0.000e+00
     21.810    11.6564    31.7126    24.0999 1.0989e+00     0.1626      0.601    1492.07   97.34998    8.65799  0.000e+00
     21.833    11.6582    31.7121    24.0992 1.1111e+00     0.1638      0.601    1492.08   97.29017    8.65236  0.000e+00
     21.846    11.6612    31.7109    24.0978 1.0867e+00     0.1663      0.601    1492.09   97.22680    8.64625  0.000e+00
     21.882    11.6597    31.7101    24.0974 1.0501e+00     0.1650      0.593    1492.08   97.16615    8.64117  0.000e+00
     21.906    11.6587    31.7092    24.0969 1.0501e+00     0.1626      0.586    1492.08   97.10213    8.63571  0.000e+00
     21.918    11.6569    31.7094    24.0974 1.0989e+00     0.1626      0.575    1492.07   97.10113    8.63594  0.000e+00
     21.942    11.6554    31.7102    24.0982 1.3431e+00     0.1614      0.568    1492.07   97.04285    8.63098  0.000e+00
     21.979    11.6546    31.7103    24.0985 1.7827e+00     0.1589      0.557    1492.06   96.98779    8.62624  0.000e+00
     21.989    11.6528    31.7105    24.0990 1.7460e+00     0.1614      0.549    1492.06   96.92932    8.62135  0.000e+00
     22.027    11.6518    31.7116    24.1000 1.4896e+00     0.1602      0.542    1492.06   96.86821    8.61603  0.000e+00
     22.038    11.6525    31.7113    24.0996 1.2943e+00     0.1614      0.553    1492.06   96.80390    8.61021  0.000e+00
     22.074    11.6515    31.7114    24.0999 1.1722e+00     0.1614      0.571    1492.06   96.80325    8.61032  0.000e+00
     22.085    11.6502    31.7114    24.1001 1.0501e+00     0.1614      0.586    1492.05   96.74508    8.60539  0.000e+00
     22.123    11.6492    31.7111    24.1001 1.0012e+00     0.1626      0.593    1492.05   96.68422    8.60018  0.000e+00
     22.134    11.6491    31.7112    24.1002 1.0012e+00     0.1638      0.601    1492.05   96.62638    8.59505  0.000e+00
     22.170    11.6479    31.7104    24.0997 1.0623e+00     0.1626      0.601    1492.04   96.55971    8.58937  0.000e+00
     22.183    11.6464    31.7111    24.1006 1.1844e+00     0.1663      0.608    1492.04   96.49600    8.58395  0.000e+00
     22.219    11.6451    31.7115    24.1011 1.3675e+00     0.1675      0.604    1492.04   96.36959    8.57291  0.000e+00
     22.232    11.6449    31.7115    24.1012 1.5507e+00     0.1650      0.586    1492.04   96.29466    8.56627  0.000e+00
     22.254    11.6452    31.7117    24.1013 1.4530e+00     0.1650      0.568    1492.04   96.21737    8.55934  0.000e+00
     22.302    11.6449    31.7110    24.1008 1.2821e+00     0.1626      0.553    1492.04   96.14410    8.55291  0.000e+00
     22.315    11.6418    31.7105    24.1010 1.1355e+00     0.1638      0.549    1492.03   96.06792    8.54672  0.000e+00
     22.326    11.6399    31.7100    24.1009 1.0501e+00     0.1663      0.571    1492.02   95.98956    8.54012  0.000e+00
     22.362    11.6384    31.7092    24.1006 1.0379e+00     0.1650      0.586    1492.01   95.84901    8.52793  0.000e+00
     22.386    11.6370    31.7102    24.1016 1.0867e+00     0.1650      0.579    1492.01   95.76051    8.52027  0.000e+00
     22.411    11.6365    31.7113    24.1025 1.0623e+00     0.1650      0.564    1492.01   95.61613    8.50745  0.000e+00
     22.435    11.6363    31.7113    24.1026 1.0745e+00     0.1626      0.560    1492.01   95.52446    8.49933  0.000e+00
     22.471    11.6353    31.7110    24.1025 1.0745e+00     0.1638      0.553    1492.01   95.37740    8.48644  0.000e+00
     22.495    11.6338    31.7112    24.1029 1.0256e+00     0.1663      0.542    1492.00   95.28334    8.47832  0.000e+00
     22.507    11.6325    31.7114    24.1033 9.5238e-01     0.1663      0.538    1492.00   95.12790    8.46472  0.000e+00
     22.518    11.6314    31.7111    24.1033 9.2796e-01     0.1650      0.542    1491.99   95.02590    8.45586  0.000e+00
     22.555    11.6286    31.7121    24.1046 9.4017e-01     0.1650      0.549    1491.99   94.86934    8.44238  0.000e+00
     22.591    11.6267    31.7125    24.1053 9.4017e-01     0.1614      0.549    1491.98   94.76678    8.43357  0.000e+00
     22.603    11.6256    31.7119    24.1049 9.6459e-01     0.1589      0.549    1491.98   94.60352    8.41927  0.000e+00
     22.642    11.6247    31.7116    24.1049 9.6459e-01     0.1602      0.557    1491.97   94.43455    8.40441  0.000e+00
     22.651    11.6213    31.7113    24.1053 9.4017e-01     0.1602      0.553    1491.96   94.26547    8.38998  0.000e+00
     22.674    11.6165    31.7123    24.1069 9.6459e-01     0.1614      0.546    1491.95   94.09107    8.37526  0.000e+00
     22.723    11.6154    31.7127    24.1074 1.0012e+00     0.1614      0.542    1491.94   93.97885    8.36545  0.000e+00
     22.723    11.6143    31.7128    24.1078 1.0012e+00     0.1577      0.538    1491.94   93.86734    8.35571  0.000e+00
     22.759    11.6127    31.7135    24.1085 1.0623e+00     0.1565      0.538    1491.94   93.70349    8.34137  0.000e+00
     22.783    11.6118    31.7136    24.1088 1.2088e+00     0.1565      0.542    1491.93   93.59554    8.33191  0.000e+00
     22.808    11.6108    31.7139    24.1092 1.2821e+00     0.1589      0.542    1491.93   93.43539    8.31782  0.000e+00
     22.843    11.6092    31.7127    24.1085 1.4286e+00     0.1602      0.546    1491.92   93.33175    8.30894  0.000e+00
     22.855    11.6041    31.7073    24.1053 1.5751e+00     0.1602      0.557    1491.90   93.22964    8.30104  0.000e+00
     22.879    11.5945    31.7086    24.1081 1.4286e+00     0.1589      0.560    1491.87   93.13564    8.29428  0.000e+00
     22.904    11.5789    31.7127    24.1140 1.2943e+00     0.1602      0.568    1491.82   92.98308    8.28323  0.000e+00
     22.939    11.5577    31.7123    24.1176 1.1966e+00     0.1614      0.568    1491.75   92.88680    8.27840  0.000e+00
     22.951    11.5129    31.7174    24.1296 1.1111e+00     0.1602      0.560    1491.60   92.78973    8.27737  0.000e+00
     22.975    11.4623    31.7293    24.1479 1.0256e+00     0.1602      0.549    1491.43   92.63441    8.27178  0.000e+00
     23.011    11.4286    31.7408    24.1628 1.0012e+00     0.1626      0.553    1491.33   92.53863    8.26857  0.000e+00
     23.024    11.4235    31.7449    24.1669 1.0501e+00     0.1614      0.560    1491.32   92.44956    8.26129  0.000e+00
     23.047    11.4175    31.7494    24.1716 1.0256e+00     0.1626      0.564    1491.30   92.30319    8.24903  0.000e+00
     23.084    11.4011    31.7543    24.1783 9.7680e-01     0.1614      0.564    1491.25   92.21299    8.24359  0.000e+00
     23.107    11.3882    31.7555    24.1815 9.4017e-01     0.1638      0.568    1491.21   92.06607    8.23267  0.000e+00
     23.120    11.3720    31.7603    24.1882 9.1575e-01     0.1626      0.575    1491.16   92.04299    8.23318  0.000e+00
     23.156    11.3531    31.7663    24.1962 9.2796e-01     0.1650      0.579    1491.10   91.90876    8.22419  0.000e+00
     23.180    11.3292    31.7750    24.2072 1.0012e+00     0.1650      0.571    1491.03   91.83169    8.22102  0.000e+00
     23.203    11.3104    31.7835    24.2172 9.8901e-01     0.1650      0.557    1490.97   91.75913    8.21738  0.000e+00
     23.216    11.3000    31.7853    24.2204 9.5238e-01     0.1663      0.549    1490.94   91.63119    8.20766  0.000e+00
     23.252    11.2822    31.7885    24.2261 9.6459e-01     0.1638      0.549    1490.88   91.50033    8.19888  0.000e+00
     23.276    11.2553    31.7967    24.2372 1.0623e+00     0.1650      0.568    1490.79   91.43292    8.19713  0.000e+00
     23.288    11.2266    31.8054    24.2490 1.0745e+00     0.1638      0.571    1490.71   91.36971    8.19602  0.000e+00
     23.323    11.1992    31.8146    24.2610 1.0012e+00     0.1638      0.568    1490.62   91.37194    8.20055  0.000e+00
     23.336    11.1745    31.8229    24.2719 9.1575e-01     0.1650      0.575    1490.54   91.20376    8.18935  0.000e+00
     23.372    11.1588    31.8295    24.2797 8.9133e-01     0.1650      0.586    1490.50   91.15046    8.18697  0.000e+00
     23.397    11.1485    31.8314    24.2831 9.1575e-01     0.1650      0.593    1490.46   91.10273    8.18439  0.000e+00
     23.418    11.1332    31.8360    24.2893 1.1477e+00     0.1638      0.612    1490.42   91.05269    8.18235  0.000e+00
     23.433    11.1237    31.8386    24.2930 1.2698e+00     0.1675      0.645    1490.39   91.00808    8.17987  0.000e+00
     23.468    11.1217    31.8393    24.2939 1.3431e+00     0.1687      0.678    1490.38   90.96945    8.17671  0.000e+00
     23.493    11.1194    31.8402    24.2950 1.2943e+00     0.1687      0.692    1490.37   90.93531    8.17398  0.000e+00
     23.504    11.1157    31.8417    24.2968 1.1477e+00     0.1663      0.700    1490.36   90.90545    8.17188  0.000e+00
