Rawdata/2018_07_17/VT68_20180718_down.cnv
* Sea-Bird SBE 9 Data File:
* FileName = C:\CTD Brukere\NIVA\OKOKYST2018\2018_07_17\VT68_20180718.hdr
* Software Version Seasave V 7.21f
* Temperature SN = 5352
* Conductivity SN = 3840
* Number of Bytes Per Scan = 28
* Number of Voltage Words = 4
* Number of Scans Averaged by the Deck Unit = 1
* NMEA baud rate = 4800
** Ship: R/V Trygve Braarud
** Cruise:
** Station:
** Operator:
# nquan = 11
# nvalues = 2696
# units = specified
# name 0 = depSM: Depth [salt water, m], lat = 0.00
# name 1 = t090C: Temperature [ITS-90, deg C]
# name 2 = sal00: Salinity, Practical [PSU]
# name 3 = sigma-t00: Density [sigma-t, Kg/m^3 ]
# name 4 = flSP: Fluorescence, Seapoint
# name 5 = wetStar: Fluorescence, WET Labs WETstar [mg/m^3]
# name 6 = seaTurbMtr: Turbidity, Seapoint [FTU]
# name 7 = svCM: Sound Velocity [Chen-Millero, m/s]
# name 8 = sbeox0PS: Oxygen, SBE 43 [% saturation]
# name 9 = sbeox0Mg/L: Oxygen, SBE 43 [mg/l]
# name 10 = flag:  0.000e+00
# span 0 =     -0.135,     22.821
# span 1 =     9.9708,    21.1089
# span 2 =    23.2298,    32.4801
# span 3 =    15.5749,    24.9890
# span 4 = 5.2503e-01, 1.2173e+01
# span 5 =     0.0857,     0.1907
# span 6 =      0.473,      2.469
# span 7 =    1487.03,    1514.60
# span 8 =   75.96452,  113.16218
# span 9 =    6.89021,    9.15906
# span 10 = 0.0000e+00, 0.0000e+00
# interval = seconds: 0.0416667
# start_time = Jul 18 2018 06:04:12 [System UTC, first data scan.]
# bad_flag = -9.990e-29
# nquan = 11
# nvalues = 1700                                  
# units = specified
# name 0 = depSM: Depth [salt water, m], lat = 0.00
# name 1 = t090C: Temperature [ITS-90, deg C]
# name 2 = sal00: Salinity, Practical [PSU]
# name 3 = sigma-t00: Density [sigma-t, Kg/m^3 ]
# name 4 = flSP: Fluorescence, Seapoint
# name 5 = wetStar: Fluorescence, WET Labs WETstar [mg/m^3]
# name 6 = seaTurbMtr: Turbidity, Seapoint [FTU]
# name 7 = svCM: Sound Velocity [Chen-Millero, m/s]
# name 8 = sbeox0PS: Oxygen, SBE 43 [% saturation]
# name 9 = sbeox0Mg/L: Oxygen, SBE 43 [mg/l]
# name 10 = flag:  0.000e+00
# span 0 =     -0.135,     22.821                 
# span 1 =    10.0854,    21.1089                 
# span 2 =    23.2298,    32.4007                 
# span 3 =    15.5749,    24.9072                 
# span 4 = 5.2503e-01, 4.8962e+00                 
# span 5 =     0.0857,     0.1907                 
# span 6 =      0.473,      1.890                 
# span 7 =    1487.34,    1514.39                 
# span 8 =   82.69233,  107.25498                 
# span 9 =    7.48588,    9.15906                 
# span 10 = 0.0000e+00, 0.0000e+00                
# interval = seconds: 0.0416667
# start_time = Jul 18 2018 06:04:12 [System UTC, first data scan.]
# bad_flag = -9.990e-29
*END*
[from data line 787]
      9.190    19.5216    27.8680    19.4512 6.9597e-01     0.1052      0.513    1512.31  104.08801    8.10157  0.000e+00
      9.225    19.5055    27.8772    19.4621 7.0818e-01     0.1064      0.513    1512.27  104.09986    8.10450  0.000e+00
      9.255    19.4711    27.8991    19.4874 7.0818e-01     0.1052      0.513    1512.20  104.05138    8.10491  0.000e+00
      9.274    19.4326    27.9239    19.5158 7.2039e-01     0.1052      0.513    1512.12  104.05706    8.11003  0.000e+00
      9.286    19.4123    27.9366    19.5305 7.2039e-01     0.1064      0.513    1512.07  104.12346    8.11769  0.000e+00
      9.339    19.4109    27.9360    19.5304 7.4481e-01     0.1052      0.520    1512.07  104.07967    8.11451  0.000e+00
      9.334    19.3958    27.9456    19.5415 7.4481e-01     0.1077      0.531    1512.04  104.08841    8.11703  0.000e+00
      9.364    19.3697    27.9640    19.5619 7.4481e-01     0.1077      0.527    1511.98  104.09245    8.12045  0.000e+00
      9.406    19.3361    27.9871    19.5878 7.4481e-01     0.1077      0.527    1511.91  104.09609    8.12475  0.000e+00
      9.417    19.3030    28.0087    19.6124 7.3260e-01     0.1089      0.524    1511.84  104.09959    8.12905  0.000e+00
      9.435    19.2816    28.0221    19.6279 7.2039e-01     0.1077      0.524    1511.80  104.10014    8.13172  0.000e+00
      9.466    19.2667    28.0317    19.6389 7.3260e-01     0.1052      0.527    1511.76  104.10151    8.13365  0.000e+00
      9.477    19.2611    28.0346    19.6424 7.3260e-01     0.1052      0.524    1511.75  104.04502    8.12994  0.000e+00
      9.520    19.2708    28.0271    19.6343 7.3260e-01     0.1064      0.520    1511.77  104.09909    8.13305  0.000e+00
      9.538    19.2546    28.0367    19.6456 7.3260e-01     0.1077      0.520    1511.74  104.09576    8.13480  0.000e+00
      9.562    19.2262    28.0552    19.6667 7.4481e-01     0.1064      0.520    1511.67  104.02811    8.13298  0.000e+00
      9.586    19.2127    28.0639    19.6767 7.4481e-01     0.1089      0.520    1511.65  104.01609    8.13370  0.000e+00
      9.603    19.1921    28.0772    19.6918 7.4481e-01     0.1064      0.516    1511.60  104.00307    8.13519  0.000e+00
      9.634    19.1735    28.0902    19.7063 7.6923e-01     0.1040      0.516    1511.56  103.99024    8.13641  0.000e+00
      9.658    19.1562    28.1018    19.7194 7.8144e-01     0.1064      0.513    1511.53  103.91868    8.13291  0.000e+00
      9.663    19.1536    28.1031    19.7210 7.9365e-01     0.1089      0.513    1511.52  103.96127    8.13657  0.000e+00
      9.705    19.1627    28.0968    19.7140 7.9365e-01     0.1101      0.516    1511.54  103.89247    8.13009  0.000e+00
      9.729    19.2118    28.0634    19.6765 8.0586e-01     0.1125      0.520    1511.64  103.94052    8.12794  0.000e+00
      9.747    19.2922    28.0103    19.6163 8.0586e-01     0.1101      0.524    1511.82  104.00032    8.12287  0.000e+00
      9.765    19.3061    28.0075    19.6107 8.1807e-01     0.1101      0.520    1511.85  103.94010    8.11618  0.000e+00
      9.801    19.2034    28.0915    19.6999 8.1807e-01     0.1113      0.520    1511.65  103.98072    8.13102  0.000e+00
      9.819    19.0749    28.1946    19.8100 8.1807e-01     0.1089      0.527    1511.40  103.96394    8.14444  0.000e+00
      9.825    18.9488    28.2941    19.9167 8.3028e-01     0.1089      0.527    1511.14  103.95164    8.15807  0.000e+00
      9.861    18.8561    28.3667    19.9946 8.3028e-01     0.1077      0.527    1510.96  104.00189    8.17282  0.000e+00
      9.886    18.8322    28.3847    20.0141 8.4249e-01     0.1089      0.531    1510.91  104.00462    8.17587  0.000e+00
      9.903    18.8561    28.3665    19.9944 8.5470e-01     0.1052      0.527    1510.96  104.01197    8.17362  0.000e+00
      9.921    18.8837    28.3550    19.9789 8.6691e-01     0.1052      0.527    1511.02  104.01951    8.17050  0.000e+00
      9.957    18.8812    28.3917    20.0075 8.5470e-01     0.1016      0.531    1511.06  104.02404    8.16945  0.000e+00
      9.975    18.8671    28.4616    20.0642 8.4249e-01     0.1003      0.535    1511.10  104.08558    8.17307  0.000e+00
     10.006    18.8546    28.5444    20.1303 8.5470e-01     0.0979      0.549    1511.15  104.09730    8.17189  0.000e+00
     10.017    18.8438    28.6385    20.2047 8.4249e-01     0.0967      0.560    1511.23  104.10428    8.16952  0.000e+00
     10.053    18.8312    28.7295    20.2771 8.4249e-01     0.0942      0.549    1511.29  104.11105    8.16756  0.000e+00
     10.071    18.8178    28.7956    20.3308 8.3028e-01     0.0930      0.542    1511.33  104.12165    8.16725  0.000e+00
     10.090    18.7933    28.8428    20.3727 8.4249e-01     0.0954      0.586    1511.31  104.13103    8.16946  0.000e+00
     10.126    18.7740    28.8634    20.3931 8.4249e-01     0.0954      0.689    1511.28  104.13644    8.17188  0.000e+00
     10.107    18.7650    28.8626    20.3947 8.5470e-01     0.0954      0.703    1511.25  104.14182    8.17374  0.000e+00
     10.173    18.7535    28.8544    20.3913 8.6691e-01     0.0954      0.674    1511.21  104.08906    8.17176  0.000e+00
     10.186    18.7479    28.8407    20.3822 8.6691e-01     0.0954      0.630    1511.18  104.09031    8.17340  0.000e+00
     10.209    18.7367    28.8354    20.3809 8.5470e-01     0.0942      0.593    1511.14  104.09096    8.17545  0.000e+00
     10.227    18.7363    28.8166    20.3666 8.5470e-01     0.0942      0.568    1511.12  104.09694    8.17690  0.000e+00
     10.245    18.7599    28.7768    20.3305 8.7912e-01     0.0954      0.549    1511.14  104.04208    8.17088  0.000e+00
     10.269    18.7764    28.7479    20.3045 8.9133e-01     0.0979      0.538    1511.16  104.04094    8.16964  0.000e+00
     10.318    18.7848    28.7280    20.2873 8.7912e-01     0.1016      0.531    1511.16  104.03932    8.16919  0.000e+00
     10.311    18.7877    28.7154    20.2769 8.7912e-01     0.1003      0.531    1511.16  103.98232    8.16487  0.000e+00
     10.329    18.8828    28.6366    20.1937 8.6691e-01     0.1003      0.527    1511.34  103.98937    8.15456  0.000e+00
     10.354    18.9402    28.5854    20.1407 8.5470e-01     0.1016      0.524    1511.45  103.93460    8.14391  0.000e+00
     10.390    18.9143    28.5947    20.1541 8.4249e-01     0.1016      0.520    1511.39  103.86347    8.14187  0.000e+00
     10.396    18.9041    28.5895    20.1527 8.4249e-01     0.0991      0.516    1511.35  103.78972    8.13792  0.000e+00
     10.425    18.8744    28.6105    20.1759 8.4249e-01     0.0991      0.516    1511.29  103.77382    8.14022  0.000e+00
     10.438    18.7868    28.6907    20.2583 8.4249e-01     0.0979      0.524    1511.13  103.63095    8.13862  0.000e+00
     10.474    18.7064    28.7699    20.3382 8.4249e-01     0.0979      0.527    1510.98  103.65731    8.14926  0.000e+00
     10.485    18.6627    28.8134    20.3820 8.3028e-01     0.0967      0.520    1510.90  103.57495    8.14743  0.000e+00
     10.528    18.6791    28.7945    20.3637 8.4249e-01     0.0967      0.516    1510.93  103.49585    8.13958  0.000e+00
     10.534    18.7874    28.6976    20.2635 8.4249e-01     0.0954      0.516    1511.14  103.48155    8.12646  0.000e+00
     10.557    18.8188    28.6696    20.2345 8.5470e-01     0.0967      0.520    1511.20  103.34357    8.11215  0.000e+00
     10.570    18.8183    28.6610    20.2281 8.6691e-01     0.0954      0.524    1511.19  103.37096    8.11480  0.000e+00
     10.599    18.8650    28.5976    20.1684 8.6691e-01     0.0954      0.527    1511.25  103.28774    8.10417  0.000e+00
     10.630    18.9858    28.4750    20.0454 8.5470e-01     0.0979      0.524    1511.47  103.21464    8.08585  0.000e+00
     10.642    19.1087    28.3700    19.9353 8.7912e-01     0.1003      0.520    1511.71  103.19808    8.07086  0.000e+00
     10.677    19.1368    28.3634    19.9234 8.9133e-01     0.1003      0.520    1511.78  103.10996    8.06000  0.000e+00
     10.713    19.0053    28.4918    20.0535 8.9133e-01     0.1040      0.520    1511.54  103.05921    8.06989  0.000e+00
     10.708    18.9472    28.5410    20.1051 8.7912e-01     0.1052      0.520    1511.43  102.95950    8.06857  0.000e+00
     10.726    19.0540    28.4319    19.9959 8.6691e-01     0.1052      0.520    1511.62  102.93607    8.05570  0.000e+00
     10.762    19.0286    28.4280    19.9991 8.6691e-01     0.1052      0.520    1511.54  102.83593    8.05191  0.000e+00
     10.785    19.0022    28.4471    20.0201 8.6691e-01     0.1052      0.524    1511.49  102.85477    8.05650  0.000e+00
     10.809    18.9612    28.4819    20.0567 8.5470e-01     0.1064      0.527    1511.41  102.81488    8.05795  0.000e+00
     10.840    18.8539    28.5701    20.1501 8.5470e-01     0.1077      0.527    1511.19  102.77287    8.06678  0.000e+00
     10.858    18.6747    28.7078    20.2986 8.3028e-01     0.1064      0.527    1510.83  102.72792    8.08405  0.000e+00
     10.882    18.5281    28.8116    20.4132 8.3028e-01     0.1077      0.527    1510.51  102.74330    8.10280  0.000e+00
     10.905    18.4361    28.8725    20.4818 8.3028e-01     0.1101      0.527    1510.31  102.71754    8.11200  0.000e+00
     10.929    18.3826    28.9032    20.5181 8.3028e-01     0.1101      0.527    1510.19  102.75731    8.12193  0.000e+00
     10.947    18.3036    28.9512    20.5737 8.5470e-01     0.1101      0.531    1510.01  102.74132    8.13059  0.000e+00
     10.978    18.2147    29.0067    20.6373 8.5470e-01     0.1113      0.531    1509.81  102.78948    8.14551  0.000e+00
     11.001    18.1476    29.0471    20.6840 8.4249e-01     0.1113      0.527    1509.66  102.84664    8.15853  0.000e+00
     11.037    18.1327    29.0487    20.6888 8.4249e-01     0.1125      0.531    1509.62  102.79916    8.15700  0.000e+00
     11.050    18.1425    29.0300    20.6723 8.3028e-01     0.1125      0.535    1509.63  102.92804    8.16662  0.000e+00
     11.085    18.1684    28.9973    20.6411 8.3028e-01     0.1150      0.549    1509.67  102.95211    8.16608  0.000e+00
     11.092    18.2707    28.9080    20.5486 8.4249e-01     0.1150      0.557    1509.87  103.10858    8.16688  0.000e+00
     11.133    18.3140    28.8600    20.5015 8.6691e-01     0.1162      0.553    1509.94  103.15087    8.16584  0.000e+00
     11.146    18.1071    28.9942    20.6533 8.7912e-01     0.1174      0.542    1509.48  103.22330    8.19735  0.000e+00
     11.181    17.8825    29.1445    20.8213 8.9133e-01     0.1150      0.535    1508.98  103.24202    8.22680  0.000e+00
     11.206    17.7176    29.2492    20.9400 8.7912e-01     0.1150      0.531    1508.61  103.32837    8.25464  0.000e+00
     11.230    17.6203    29.3042    21.0048 8.7912e-01     0.1150      0.531    1508.38  103.36954    8.27069  0.000e+00
     11.259    17.5674    29.3312    21.0379 8.9133e-01     0.1162      0.531    1508.25  103.47566    8.28628  0.000e+00
     11.266    17.6369    29.2728    20.9770 9.0354e-01     0.1150      0.531    1508.40  103.59935    8.28800  0.000e+00
     11.313    17.6290    29.2692    20.9761 8.9133e-01     0.1125      0.531    1508.37  103.71603    8.29877  0.000e+00
     11.337    17.5987    29.2874    20.9971 8.9133e-01     0.1150      0.538    1508.30  103.83511    8.31224  0.000e+00
     11.349    17.6106    29.2786    20.9875 8.9133e-01     0.1162      0.542    1508.33  103.90381    8.31627  0.000e+00
     11.385    17.6645    29.2430    20.9478 8.9133e-01     0.1223      0.538    1508.45  104.03527    8.31994  0.000e+00
     11.409    17.7941    29.1557    20.8506 9.0354e-01     0.1211      0.538    1508.74  104.17244    8.31450  0.000e+00
     11.440    17.8919    29.0948    20.7811 9.1575e-01     0.1199      0.546    1508.96  104.25150    8.30823  0.000e+00
     11.445    18.0124    29.0204    20.6957 9.0354e-01     0.1162      0.546    1509.23  104.44854    8.30842  0.000e+00
     11.482    18.0409    28.9979    20.6719 8.9133e-01     0.1174      0.553    1509.29  104.52384    8.31099  0.000e+00
     11.518    17.7724    29.1610    20.8598 8.9133e-01     0.1186      0.560    1508.68  104.69326    8.35930  0.000e+00
     11.541    17.5422    29.3042    21.0231 8.9133e-01     0.1199      0.560    1508.15  104.75295    8.39403  0.000e+00
     11.578    17.4729    29.3457    21.0710 8.9133e-01     0.1186      0.557    1507.99  104.87727    8.41315  0.000e+00
     11.578    17.4558    29.3514    21.0793 8.9133e-01     0.1199      0.553    1507.95  105.00239    8.42567  0.000e+00
     11.614    17.4498    29.3528    21.0817 8.9133e-01     0.1199      0.542    1507.93  105.07197    8.43216  0.000e+00
     11.632    17.4726    29.3331    21.0614 8.9133e-01     0.1235      0.542    1507.98  105.18965    8.43889  0.000e+00
     11.661    17.5033    29.3046    21.0324 8.9133e-01     0.1223      0.542    1508.04  105.31408    8.44531  0.000e+00
     11.697    17.5189    29.2848    21.0137 8.9133e-01     0.1223      0.546    1508.06  105.43445    8.45343  0.000e+00
     11.721    17.4677    29.3082    21.0435 9.1575e-01     0.1235      0.546    1507.93  105.54794    8.46970  0.000e+00
     11.746    17.4065    29.3453    21.0861 9.2796e-01     0.1235      0.538    1507.79  105.66211    8.48700  0.000e+00
     11.757    17.4170    29.3378    21.0779 9.5238e-01     0.1211      0.535    1507.82  105.71131    8.48962  0.000e+00
     11.806    17.4281    29.3346    21.0729 9.5238e-01     0.1223      0.535    1507.85  105.82024    8.49671  0.000e+00
     11.806    17.4646    29.3155    21.0498 9.5238e-01     0.1223      0.531    1507.94  105.92474    8.50008  0.000e+00
     11.853    17.4044    29.3525    21.0920 9.5238e-01     0.1223      0.538    1507.80  106.08044    8.52059  0.000e+00
     11.824    17.2979    29.4131    21.1631 9.5238e-01     0.1211      0.546    1507.54  106.17907    8.54300  0.000e+00
     11.926    17.2104    29.4618    21.2205 9.4017e-01     0.1235      0.549    1507.34  106.27475    8.56269  0.000e+00
     11.926    17.1355    29.5027    21.2690 9.4017e-01     0.1223      0.546    1507.15  106.36840    8.58060  0.000e+00
     11.949    17.0227    29.5721    21.3480 9.5238e-01     0.1223      0.538    1506.89  106.45553    8.60286  0.000e+00
     11.973    16.9067    29.6469    21.4318 9.6459e-01     0.1211      0.535    1506.62  106.60016    8.63013  0.000e+00
     12.009    16.8525    29.6825    21.4714 9.7680e-01     0.1186      0.531    1506.50  106.68480    8.64426  0.000e+00
     12.009    16.8290    29.7019    21.4916 1.0012e+00     0.1199      0.527    1506.45  106.77167    8.65426  0.000e+00
     12.058    16.9231    29.6497    21.4302 1.0256e+00     0.1211      0.527    1506.68  106.85783    8.64808  0.000e+00
     12.082    17.0257    29.5887    21.3600 1.0623e+00     0.1186      0.527    1506.92  106.94070    8.64070  0.000e+00
     12.105    17.0073    29.5970    21.3706 1.0989e+00     0.1199      0.531    1506.87  106.95998    8.64492  0.000e+00
     12.118    16.9391    29.6389    21.4183 1.1233e+00     0.1186      0.531    1506.71  107.03468    8.66027  0.000e+00
     12.165    16.9317    29.6435    21.4234 1.1477e+00     0.1223      0.527    1506.70  107.10738    8.66715  0.000e+00
     12.178    16.9745    29.6131    21.3904 1.1477e+00     0.1223      0.527    1506.79  107.12263    8.66276  0.000e+00
     12.165    16.9973    29.5987    21.3742 1.1355e+00     0.1199      0.535    1506.85  107.18844    8.66498  0.000e+00
     12.232    17.1309    29.5142    21.2789 1.1477e+00     0.1211      0.546    1507.16  107.19895    8.64776  0.000e+00
     12.250    17.3583    29.3690    21.1154 1.1600e+00     0.1199      0.553    1507.68  107.20721    8.61792  0.000e+00
     12.261    17.4366    29.3236    21.0625 1.1722e+00     0.1223      0.553    1507.87  107.20151    8.60676  0.000e+00
     12.310    17.3595    29.3797    21.1233 1.1844e+00     0.1235      0.549    1507.70  107.25498    8.62100  0.000e+00
     12.310    17.2724    29.4395    21.1892 1.2088e+00     0.1248      0.553    1507.50  107.18705    8.62698  0.000e+00
