Rawdata/2018_07_17/VT68_20180718_down.cnv
* Sea-Bird SBE 9 Data File:
* FileName = C:\CTD Brukere\NIVA\OKOKYST2018\2018_07_17\VT68_20180718.hdr
* Software Version Seasave V 7.21f
* Temperature SN = 5352
* Conductivity SN = 3840
* Number of Bytes Per Scan = 28
* Number of Voltage Words = 4
* Number of Scans Averaged by the Deck Unit = 1
* NMEA baud rate = 4800
** Ship: R/V Trygve Braarud
** Cruise:
** Station:
** Operator:
# nquan = 11
# nvalues = 2696
# units = specified
# name 0 = depSM: Depth [salt water, m], lat = 0.00
# name 1 = t090C: Temperature [ITS-90, deg C]
# name 2 = sal00: Salinity, Practical [PSU]
# name 3 = sigma-t00: Density [sigma-t, Kg/m^3 ]
# name 4 = flSP: Fluorescence, Seapoint
# name 5 = wetStar: Fluorescence, WET Labs WETstar [mg/m^3]
# name 6 = seaTurbMtr: Turbidity, Seapoint [FTU]
# name 7 = svCM: Sound Velocity [Chen-Millero, m/s]
# name 8 = sbeox0PS: Oxygen, SBE 43 [% saturation]
# name 9 = sbeox0Mg/L: Oxygen, SBE 43 [mg/l]
# name 10 = flag:  0.000e+00
# span 0 =     -0.135,     22.821
# span 1 =     9.9708,    21.1089
# span 2 =    23.2298,    32.4801
# span 3 =    15.5749,    24.9890
# span 4 = 5.2503e-01, 1.2173e+01
# span 5 =     0.0857,     0.1907
# span 6 =      0.473,      2.469
# span 7 =    1487.03,    1514.60
# span 8 =   75.96452,  113.16218
# span 9 =    6.89021,    9.15906
# span 10 = 0.0000e+00, 0.0000e+00
# interval = seconds: 0.0416667
# start_time = Jul 18 2018 06:04:12 [System UTC, first data scan.]
# bad_flag = -9.990e-29
# nquan = 11
# nvalues = 1700                                  
# units = specified
# name 0 = depSM: Depth [salt water, m], lat = 0.00
# name 1 = t090C: Temperature [ITS-90, deg C]
# name 2 = sal00: Salinity, Practical [PSU]
# name 3 = sigma-t00: Density [sigma-t, Kg/m^3 ]
# name 4 = flSP: Fluorescence, Seapoint
# name 5 = wetStar: Fluorescence, WET Labs WETstar [mg/m^3]
# name 6 = seaTurbMtr: Turbidity, Seapoint [FTU]
# name 7 = svCM: Sound Velocity [Chen-Millero, m/s]
# name 8 = sbeox0PS: Oxygen, SBE 43 [% saturation]
# name 9 = sbeox0Mg/L: Oxygen, SBE 43 [mg/l]
# name 10 = flag:  0.000e+00
# span 0 =     -0.135,     22.821                 
# span 1 =    10.0854,    21.1089                 
# span 2 =    23.2298,    32.4007                 
# span 3 =    15.5749,    24.9072                 
# span 4 = 5.2503e-01, 4.8962e+00                 
# span 5 =     0.0857,     0.1907                 
# span 6 =      0.473,      1.890                 
# span 7 =    1487.34,    1514.39                 
# span 8 =   82.69233,  107.25498                 
# span 9 =    7.48588,    9.15906                 
# span 10 = 0.0000e+00, 0.0000e+00                
# interval = seconds: 0.0416667
# start_time = Jul 18 2018 06:04:12 [System UTC, first data scan.]
# bad_flag = -9.990e-29
*END*
[from data line 656]
      6.088    20.6656    26.6808    18.2604 5.6166e-01     0.0918      0.487    1514.17  102.88017    7.89390  0.000e+00
      6.111    20.6666    26.6818    18.2609 5.6166e-01     0.0918      0.487    1514.18  102.93329    7.89778  0.000e+00
      6.132    20.6706    26.6702    18.2511 5.6166e-01     0.0942      0.487    1514.18  102.93442    7.89782  0.000e+00
      6.160    20.6799    26.6416    18.2270 5.6166e-01     0.0930      0.487    1514.17  102.93430    7.89779  0.000e+00
      6.184    20.6914    26.6033    18.1950 5.4945e-01     0.0942      0.491    1514.16  102.93667    7.89807  0.000e+00
      6.192    20.6970    26.5918    18.1848 5.4945e-01     0.0942      0.491    1514.16  102.99498    7.90227  0.000e+00
      6.207    20.6601    26.7043    18.2796 5.4945e-01     0.0930      0.487    1514.19  103.05160    7.90677  0.000e+00
      6.243    20.5887    26.8768    18.4288 5.3724e-01     0.0906      0.487    1514.18  103.05314    7.90930  0.000e+00
      6.264    20.5423    26.9723    18.5131 5.4945e-01     0.0906      0.491    1514.15  103.10921    7.91595  0.000e+00
      6.280    20.5199    26.9927    18.5344 5.3724e-01     0.0918      0.495    1514.11  103.11505    7.91874  0.000e+00
      6.316    20.5281    26.9637    18.5103 5.3724e-01     0.0930      0.491    1514.11  103.12191    7.91940  0.000e+00
      6.324    20.5319    26.9296    18.4834 5.3724e-01     0.0954      0.487    1514.08  103.12602    7.92076  0.000e+00
      6.352    20.5680    26.8568    18.4189 5.4945e-01     0.0942      0.484    1514.10  103.18965    7.92375  0.000e+00
      6.384    20.6105    26.7814    18.3509 5.3724e-01     0.0930      0.484    1514.14  103.19738    7.92163  0.000e+00
      6.387    20.6096    26.7637    18.3376 5.4945e-01     0.0918      0.484    1514.11  103.25704    7.92716  0.000e+00
      6.423    20.5944    26.7797    18.3537 5.4945e-01     0.0918      0.484    1514.09  103.25912    7.92880  0.000e+00
      6.420    20.5959    26.7991    18.3680 5.6166e-01     0.0918      0.487    1514.11  103.25988    7.92773  0.000e+00
      6.459    20.5671    26.8530    18.4162 5.6166e-01     0.0930      0.487    1514.09  103.25613    7.92916  0.000e+00
      6.483    20.5607    26.8838    18.4413 5.6166e-01     0.0967      0.484    1514.11  103.25188    7.92833  0.000e+00
      6.504    20.5687    26.8720    18.4303 5.6166e-01     0.0979      0.487    1514.12  103.30907    7.93211  0.000e+00
      6.519    20.5830    26.8227    18.3892 5.6166e-01     0.0991      0.487    1514.11  103.31005    7.93238  0.000e+00
      6.532    20.6046    26.7697    18.3434 5.6166e-01     0.1003      0.484    1514.11  103.30934    7.93163  0.000e+00
      6.576    20.6262    26.7300    18.3078 5.7387e-01     0.1003      0.480    1514.13  103.36921    7.93491  0.000e+00
      6.579    20.6485    26.6795    18.2638 5.7387e-01     0.0967      0.484    1514.13  103.37193    7.93420  0.000e+00
      6.589    20.6744    26.6169    18.2096 5.6166e-01     0.0979      0.487    1514.14  103.43109    7.93786  0.000e+00
      6.639    20.6954    26.5640    18.1641 5.4945e-01     0.0979      0.491    1514.14  103.43760    7.93776  0.000e+00
      6.639    20.7006    26.5451    18.1484 5.6166e-01     0.0967      0.495    1514.13  103.49807    7.94252  0.000e+00
      6.685    20.7014    26.5424    18.1462 5.4945e-01     0.0954      0.495    1514.13  103.50600    7.94313  0.000e+00
      6.699    20.6999    26.5441    18.1479 5.4945e-01     0.0954      0.502    1514.13  103.56936    7.94813  0.000e+00
      6.696    20.6967    26.5564    18.1580 5.3724e-01     0.0942      0.513    1514.13  103.63797    7.95329  0.000e+00
      6.747    20.7001    26.5715    18.1686 5.4945e-01     0.0954      0.520    1514.16  103.70933    7.95757  0.000e+00
      6.735    20.6966    26.6227    18.2083 5.4945e-01     0.0930      0.516    1514.21  103.72226    7.95668  0.000e+00
      6.781    20.6554    26.7539    18.3184 5.6166e-01     0.0942      0.505    1514.24  103.85087    7.96646  0.000e+00
      6.807    20.5541    26.9561    18.4979 5.4945e-01     0.0942      0.505    1514.18  103.86261    7.97281  0.000e+00
      6.828    20.4824    27.0884    18.6166 5.4945e-01     0.0954      0.516    1514.12  103.93255    7.98256  0.000e+00
      6.842    20.4450    27.1373    18.6633 5.4945e-01     0.0954      0.520    1514.07  103.94801    7.98697  0.000e+00
      6.880    20.4234    27.1505    18.6788 5.4945e-01     0.0979      0.513    1514.03  104.02049    7.99512  0.000e+00
      6.888    20.4125    27.1514    18.6823 5.4945e-01     0.0954      0.505    1514.00  104.04014    7.99820  0.000e+00
      6.916    20.4105    27.1525    18.6836 5.4945e-01     0.0954      0.498    1514.00  104.11194    8.00398  0.000e+00
      6.935    20.4097    27.1581    18.6880 5.4945e-01     0.0954      0.498    1514.00  104.13023    8.00523  0.000e+00
      6.951    20.4034    27.1672    18.6966 5.4945e-01     0.0954      0.495    1513.99  104.14484    8.00686  0.000e+00
      6.976    20.3928    27.1803    18.7093 5.4945e-01     0.0942      0.495    1513.98  104.21445    8.01317  0.000e+00
      6.995    20.3801    27.1949    18.7235 5.4945e-01     0.0942      0.491    1513.96  104.22612    8.01527  0.000e+00
      7.036    20.3670    27.2122    18.7401 5.6166e-01     0.0930      0.491    1513.94  104.29310    8.02155  0.000e+00
      7.044    20.3563    27.2241    18.7518 5.6166e-01     0.0942      0.487    1513.92  104.30196    8.02326  0.000e+00
      7.059    20.3544    27.2212    18.7501 5.6166e-01     0.0930      0.491    1513.92  104.30805    8.02416  0.000e+00
      7.104    20.3630    27.2082    18.7380 5.4945e-01     0.0942      0.491    1513.93  104.31600    8.02410  0.000e+00
      7.119    20.3638    27.2089    18.7383 5.3724e-01     0.0942      0.487    1513.93  104.31962    8.02422  0.000e+00
      7.143    20.3444    27.2377    18.7652 5.3724e-01     0.0942      0.484    1513.91  104.31847    8.02566  0.000e+00
      7.151    20.3302    27.2634    18.7883 5.3724e-01     0.0954      0.480    1513.90  104.31415    8.02623  0.000e+00
      7.190    20.3202    27.2804    18.8037 5.3724e-01     0.0930      0.480    1513.89  104.36979    8.03119  0.000e+00
      7.200    20.3163    27.2820    18.8059 5.3724e-01     0.0930      0.484    1513.88  104.30937    8.02705  0.000e+00
      7.239    20.3247    27.2608    18.7877 5.3724e-01     0.0942      0.484    1513.88  104.30143    8.02619  0.000e+00
      7.260    20.3337    27.2397    18.7694 5.3724e-01     0.0942      0.487    1513.88  104.34852    8.02947  0.000e+00
      7.275    20.3330    27.2453    18.7738 5.3724e-01     0.0942      0.487    1513.89  104.34127    8.02876  0.000e+00
      7.296    20.3245    27.2701    18.7948 5.3724e-01     0.0930      0.491    1513.89  104.33451    8.02832  0.000e+00
      7.324    20.3094    27.3000    18.8213 5.2503e-01     0.0906      0.487    1513.88  104.32429    8.02837  0.000e+00
      7.335    20.2968    27.3204    18.8401 5.3724e-01     0.0918      0.487    1513.87  104.31521    8.02859  0.000e+00
      7.356    20.2873    27.3292    18.8492 5.3724e-01     0.0930      0.487    1513.85  104.30364    8.02870  0.000e+00
      7.384    20.2874    27.3209    18.8428 5.3724e-01     0.0918      0.484    1513.84  104.29003    8.02802  0.000e+00
      7.415    20.3087    27.2825    18.8083 5.3724e-01     0.0869      0.484    1513.86  104.27528    8.02554  0.000e+00
      7.431    20.3364    27.2308    18.7620 5.3724e-01     0.0869      0.480    1513.88  104.32064    8.02734  0.000e+00
      7.452    20.3560    27.2071    18.7390 5.3724e-01     0.0918      0.480    1513.91  104.24981    8.02009  0.000e+00
      7.491    20.3426    27.2550    18.7787 5.3724e-01     0.0906      0.476    1513.93  104.29084    8.02298  0.000e+00
      7.499    20.3011    27.3231    18.8410 5.3724e-01     0.0918      0.476    1513.89  104.33049    8.02900  0.000e+00
      7.515    20.2801    27.3488    18.8659 5.3724e-01     0.0893      0.476    1513.86  104.31466    8.02969  0.000e+00
      7.548    20.2689    27.3536    18.8724 5.2503e-01     0.0881      0.476    1513.83  104.29697    8.02977  0.000e+00
      7.576    20.2642    27.3509    18.8715 5.3724e-01     0.0881      0.484    1513.82  104.27688    8.02904  0.000e+00
      7.595    20.2799    27.3294    18.8512 5.3724e-01     0.0893      0.487    1513.84  104.25975    8.02641  0.000e+00
      7.611    20.3020    27.3049    18.8270 5.3724e-01     0.0881      0.491    1513.87  104.24046    8.02280  0.000e+00
      7.644    20.3068    27.2934    18.8170 5.3724e-01     0.0869      0.491    1513.87  104.39246    8.03432  0.000e+00
      7.658    20.2943    27.3045    18.8286 5.2503e-01     0.0857      0.495    1513.85  104.38063    8.03474  0.000e+00
      7.702    20.2780    27.3307    18.8527 5.2503e-01     0.0906      0.495    1513.83  104.36579    8.03479  0.000e+00
      7.707    20.2608    27.3551    18.8756 5.2503e-01     0.0918      0.495    1513.81  104.40994    8.03961  0.000e+00
      7.751    20.2444    27.3732    18.8935 5.3724e-01     0.0930      0.487    1513.79  104.45567    8.04472  0.000e+00
      7.767    20.2388    27.3782    18.8987 5.3724e-01     0.0918      0.491    1513.78  104.50706    8.04927  0.000e+00
      7.754    20.2448    27.3675    18.8891 5.3724e-01     0.0918      0.491    1513.78  104.50151    8.04845  0.000e+00
      7.847    20.2570    27.3446    18.8686 5.3724e-01     0.0906      0.491    1513.79  104.55732    8.05202  0.000e+00
      7.836    20.2731    27.3190    18.8451 5.2503e-01     0.0881      0.484    1513.81  104.55878    8.05094  0.000e+00
      7.863    20.2815    27.3085    18.8349 5.2503e-01     0.0869      0.480    1513.82  104.61965    8.05487  0.000e+00
      7.883    20.2850    27.3065    18.8325 5.6166e-01     0.0893      0.484    1513.83  104.62257    8.05467  0.000e+00
      7.923    20.2886    27.2964    18.8239 5.6166e-01     0.0893      0.484    1513.83  104.63117    8.05527  0.000e+00
      7.943    20.3123    27.2619    18.7917 5.6166e-01     0.0906      0.484    1513.86  104.69698    8.05843  0.000e+00
      7.946    20.3483    27.2176    18.7489 5.4945e-01     0.0930      0.480    1513.91  104.71062    8.05619  0.000e+00
      7.990    20.3732    27.1897    18.7214 5.4945e-01     0.0906      0.480    1513.95  104.72110    8.05461  0.000e+00
      8.019    20.3894    27.1799    18.7098 5.4945e-01     0.0893      0.484    1513.99  104.73213    8.05351  0.000e+00
      8.027    20.3883    27.1847    18.7137 5.4945e-01     0.0906      0.487    1513.99  104.73885    8.05395  0.000e+00
      8.055    20.3749    27.1994    18.7283 5.4945e-01     0.0918      0.487    1513.97  104.74643    8.05584  0.000e+00
      8.099    20.3624    27.2168    18.7447 5.4945e-01     0.0930      0.484    1513.95  104.75196    8.05730  0.000e+00
      8.115    20.3593    27.2242    18.7511 5.4945e-01     0.0930      0.480    1513.95  104.69719    8.05320  0.000e+00
      8.135    20.3601    27.2202    18.7479 5.4945e-01     0.0954      0.476    1513.95  104.69919    8.05344  0.000e+00
      8.175    20.3650    27.2045    18.7347 5.6166e-01     0.0967      0.473    1513.95  104.69981    8.05349  0.000e+00
      8.195    20.3763    27.1852    18.7172 5.6166e-01     0.0967      0.473    1513.96  104.64448    8.04846  0.000e+00
      8.222    20.3557    27.2121    18.7428 5.7387e-01     0.0918      0.473    1513.93  104.63920    8.04986  0.000e+00
      8.255    20.3124    27.2741    18.8010 5.8608e-01     0.0918      0.476    1513.88  104.63033    8.05271  0.000e+00
      8.271    20.2548    27.3393    18.8651 5.9829e-01     0.0918      0.487    1513.79  104.55989    8.05280  0.000e+00
      8.302    20.2015    27.3874    18.9152 5.9829e-01     0.0906      0.495    1513.69  104.54284    8.05717  0.000e+00
      8.338    20.1985    27.3907    18.9184 6.1050e-01     0.0930      0.495    1513.69  104.47024    8.05187  0.000e+00
      8.354    20.1967    27.3929    18.9206 6.1050e-01     0.0942      0.491    1513.69  104.45049    8.05052  0.000e+00
      8.387    20.1963    27.3970    18.9238 6.1050e-01     0.0954      0.491    1513.69  104.43397    8.04910  0.000e+00
      8.403    20.2169    27.3870    18.9110 6.1050e-01     0.0930      0.487    1513.74  104.41371    8.04494  0.000e+00
      8.447    20.2364    27.3749    18.8968 6.1050e-01     0.0942      0.487    1513.78  104.39241    8.04096  0.000e+00
      8.452    20.2505    27.3622    18.8836 6.2271e-01     0.0930      0.491    1513.80  104.37300    8.03797  0.000e+00
      8.494    20.2573    27.3545    18.8760 6.2271e-01     0.0918      0.487    1513.82  104.35225    8.03571  0.000e+00
      8.507    20.2646    27.3496    18.8704 6.2271e-01     0.0918      0.487    1513.83  104.33000    8.03314  0.000e+00
      8.535    20.2656    27.3517    18.8717 6.3492e-01     0.0942      0.484    1513.84  104.36460    8.03555  0.000e+00
      8.578    20.2623    27.3592    18.8783 6.3492e-01     0.0930      0.484    1513.84  104.34326    8.03404  0.000e+00
      8.595    20.2585    27.3655    18.8841 6.4713e-01     0.0930      0.484    1513.83  104.32016    8.03254  0.000e+00
      8.626    20.2352    27.3830    18.9033 6.4713e-01     0.0954      0.487    1513.79  104.29396    8.03317  0.000e+00
      8.644    20.2243    27.3910    18.9121 6.4713e-01     0.0954      0.491    1513.77  104.32587    8.03687  0.000e+00
      8.663    20.2252    27.3897    18.9109 6.5934e-01     0.0942      0.495    1513.77  104.30728    8.03537  0.000e+00
      8.710    20.2381    27.3751    18.8965 6.5934e-01     0.0967      0.498    1513.79  104.28471    8.03239  0.000e+00
      8.715    20.2391    27.3699    18.8923 6.5934e-01     0.0979      0.505    1513.79  104.26309    8.03083  0.000e+00
      8.746    20.2048    27.3953    18.9203 6.5934e-01     0.0991      0.502    1513.72  104.24103    8.03305  0.000e+00
      8.762    20.1797    27.4172    18.9433 6.5934e-01     0.1003      0.502    1513.67  104.21850    8.03402  0.000e+00
      8.795    20.1661    27.4287    18.9555 6.5934e-01     0.1003      0.505    1513.65  104.19615    8.03379  0.000e+00
      8.830    20.1770    27.4195    18.9457 6.5934e-01     0.1016      0.505    1513.67  104.23367    8.03549  0.000e+00
      8.847    20.2006    27.4030    18.9273 6.7155e-01     0.1016      0.513    1513.72  104.15817    8.02692  0.000e+00
      8.866    20.2060    27.4015    18.9247 6.7155e-01     0.1016      0.516    1513.73  104.13397    8.02433  0.000e+00
      8.882    20.2048    27.4052    18.9279 6.9597e-01     0.1040      0.509    1513.73  104.17895    8.02779  0.000e+00
      8.913    20.1799    27.4277    18.9512 7.2039e-01     0.1052      0.502    1513.69  104.16631    8.02947  0.000e+00
      8.951    20.0375    27.5334    19.0676 7.0818e-01     0.1040      0.502    1513.40  104.08159    8.03922  0.000e+00
      8.967    19.8561    27.6648    19.2131 6.8376e-01     0.1052      0.505    1513.03  104.05025    8.05778  0.000e+00
      8.998    19.7315    27.7486    19.3081 6.7155e-01     0.1077      0.505    1512.77  104.02903    8.07091  0.000e+00
      8.991    19.6663    27.7870    19.3535 6.8376e-01     0.1089      0.505    1512.63  104.01773    8.07806  0.000e+00
      9.069    19.6299    27.8090    19.3794 6.8376e-01     0.1077      0.509    1512.55  104.01047    8.08194  0.000e+00
      9.058    19.5857    27.8380    19.4124 6.8376e-01     0.1052      0.527    1512.46  104.06389    8.09141  0.000e+00
      9.099    19.5625    27.8513    19.4283 6.8376e-01     0.1077      0.535    1512.41  104.00722    8.08989  0.000e+00
      9.118    19.5476    27.8577    19.4369 6.8376e-01     0.1064      0.524    1512.37  104.00988    8.09205  0.000e+00
      9.143    19.5240    27.8705    19.4525 6.7155e-01     0.1064      0.513    1512.32  104.01186    8.09517  0.000e+00
