Rawdata/2018_07_17/VT68_20180718_down.cnv
* Sea-Bird SBE 9 Data File:
* FileName = C:\CTD Brukere\NIVA\OKOKYST2018\2018_07_17\VT68_20180718.hdr
* Software Version Seasave V 7.21f
* Temperature SN = 5352
* Conductivity SN = 3840
* Number of Bytes Per Scan = 28
* Number of Voltage Words = 4
* Number of Scans Averaged by the Deck Unit = 1
* NMEA baud rate = 4800
** Ship: R/V Trygve Braarud
** Cruise:
** Station:
** Operator:
# nquan = 11
# nvalues = 2696
# units = specified
# name 0 = depSM: Depth [salt water, m], lat = 0.00
# name 1 = t090C: Temperature [ITS-90, deg C]
# name 2 = sal00: Salinity, Practical [PSU]
# name 3 = sigma-t00: Density [sigma-t, Kg/m^3 ]
# name 4 = flSP: Fluorescence, Seapoint
# name 5 = wetStar: Fluorescence, WET Labs WETstar [mg/m^3]
# name 6 = seaTurbMtr: Turbidity, Seapoint [FTU]
# name 7 = svCM: Sound Velocity [Chen-Millero, m/s]
# name 8 = sbeox0PS: Oxygen, SBE 43 [% saturation]
# name 9 = sbeox0Mg/L: Oxygen, SBE 43 [mg/l]
# name 10 = flag:  0.000e+00
# span 0 =     -0.135,     22.821
# span 1 =     9.9708,    21.1089
# span 2 =    23.2298,    32.4801
# span 3 =    15.5749,    24.9890
# span 4 = 5.2503e-01, 1.2173e+01
# span 5 =     0.0857,     0.1907
# span 6 =      0.473,      2.469
# span 7 =    1487.03,    1514.60
# span 8 =   75.96452,  113.16218
# span 9 =    6.89021,    9.15906
# span 10 = 0.0000e+00, 0.0000e+00
# interval = seconds: 0.0416667
# start_time = Jul 18 2018 06:04:12 [System UTC, first data scan.]
# bad_flag = -9.990e-29
# nquan = 11
# nvalues = 1700                                  
# units = specified
# name 0 = depSM: Depth [salt water, m], lat = 0.00
# name 1 = t090C: Temperature [ITS-90, deg C]
# name 2 = sal00: Salinity, Practical [PSU]
# name 3 = sigma-t00: Density [sigma-t, Kg/m^3 ]
# name 4 = flSP: Fluorescence, Seapoint
# name 5 = wetStar: Fluorescence, WET Labs WETstar [mg/m^3]
# name 6 = seaTurbMtr: Turbidity, Seapoint [FTU]
# name 7 = svCM: Sound Velocity [Chen-Millero, m/s]
# name 8 = sbeox0PS: Oxygen, SBE 43 [% saturation]
# name 9 = sbeox0Mg/L: Oxygen, SBE 43 [mg/l]
# name 10 = flag:  0.000e+00
# span 0 =     -0.135,     22.821                 
# span 1 =    10.0854,    21.1089                 
# span 2 =    23.2298,    32.4007                 
# span 3 =    15.5749,    24.9072                 
# span 4 = 5.2503e-01, 4.8962e+00                 
# span 5 =     0.0857,     0.1907                 
# span 6 =      0.473,      1.890                 
# span 7 =    1487.34,    1514.39                 
# span 8 =   82.69233,  107.25498                 
# span 9 =    7.48588,    9.15906                 
# span 10 = 0.0000e+00, 0.0000e+00                
# interval = seconds: 0.0416667
# start_time = Jul 18 2018 06:04:12 [System UTC, first data scan.]
# bad_flag = -9.990e-29
*END*
[from data line 1443]
     19.672    10.8398    32.0689    24.5218 2.9426e+00     0.1602      0.784    1489.60   91.82408    8.29149  0.000e+00
     19.685    10.8390    32.0669    24.5204 2.7228e+00     0.1589      0.828    1489.59   91.79609    8.28921  0.000e+00
     19.649    10.8381    32.0788    24.5298 2.4298e+00     0.1589      0.842    1489.60   91.81911    8.29083  0.000e+00
     19.696    10.8568    32.0711    24.5206 2.3077e+00     0.1565      0.813    1489.66   91.78729    8.28502  0.000e+00
     19.672    10.8769    32.0587    24.5074 2.5397e+00     0.1565      0.762    1489.72   91.75185    8.27890  0.000e+00
     19.685    10.8875    32.0526    24.5009 2.6374e+00     0.1553      0.707    1489.75   91.78028    8.27990  0.000e+00
     19.673    10.8931    32.0511    24.4987 2.3932e+00     0.1541      0.678    1489.76   91.74454    8.27577  0.000e+00
     19.685    10.8981    32.0488    24.4961 2.1856e+00     0.1528      0.678    1489.78   91.70590    8.27151  0.000e+00
     19.685    10.8986    32.0463    24.4940 2.1734e+00     0.1528      0.685    1489.78   91.72415    8.27319  0.000e+00
     19.685    10.8968    32.0450    24.4933 2.1978e+00     0.1541      0.703    1489.77   91.68470    8.27003  0.000e+00
     19.672    10.8919    32.0505    24.4984 2.1978e+00     0.1541      0.711    1489.76   91.64154    8.26671  0.000e+00
     19.696    10.8911    32.0549    24.5020 2.5641e+00     0.1541      0.714    1489.76   91.65609    8.26794  0.000e+00
     19.685    10.8963    32.0509    24.4980 2.8327e+00     0.1528      0.718    1489.78   91.61276    8.26332  0.000e+00
     19.672    10.9044    32.0409    24.4888 2.6740e+00     0.1541      0.729    1489.79   91.62635    8.26364  0.000e+00
     19.696    10.8983    32.0434    24.4918 2.4664e+00     0.1541      0.755    1489.77   91.58147    8.26054  0.000e+00
     19.685    10.8867    32.0519    24.5004 2.3321e+00     0.1541      0.795    1489.74   91.59239    8.26313  0.000e+00
     19.685    10.8798    32.0553    24.5043 2.2711e+00     0.1553      0.828    1489.72   91.55189    8.26052  0.000e+00
     19.685    10.8740    32.0571    24.5067 2.2344e+00     0.1565      0.886    1489.70   91.50103    8.25688  0.000e+00
     19.696    10.8819    32.0479    24.4981 2.2344e+00     0.1577      0.985    1489.72   91.50734    8.25652  0.000e+00
     19.685    10.8955    32.0363    24.4868 2.2100e+00     0.1602      1.117    1489.76   91.46159    8.25059  0.000e+00
     19.685    10.9109    32.0257    24.4758 2.1123e+00     0.1589      1.297    1489.80   91.40541    8.24336  0.000e+00
     19.672    10.9199    32.0218    24.4712 1.9902e+00     0.1589      1.568    1489.82   91.35731    8.23763  0.000e+00
     19.696    10.9182    32.0294    24.4774 1.9292e+00     0.1589      1.875    1489.83   91.35905    8.23768  0.000e+00
     19.685    10.9133    32.0372    24.4843 1.9292e+00     0.1553      1.890    1489.82   91.30811    8.23354  0.000e+00
     19.685    10.9076    32.0409    24.4883 2.0269e+00     0.1553      1.604    1489.80   91.31352    8.23485  0.000e+00
     19.673    10.9064    32.0370    24.4854 2.1734e+00     0.1565      1.304    1489.79   91.32737    8.23653  0.000e+00
     19.685    10.8919    32.0439    24.4933 2.2711e+00     0.1565      1.095    1489.75   91.28217    8.23464  0.000e+00
     19.672    10.8781    32.0513    24.5015 2.7961e+00     0.1565      0.978    1489.71   91.23883    8.23280  0.000e+00
     19.685    10.8718    32.0561    24.5063 3.1380e+00     0.1553      0.912    1489.70   91.25246    8.23488  0.000e+00
     19.672    10.8684    32.0601    24.5100 2.9548e+00     0.1565      0.883    1489.69   91.20734    8.23120  0.000e+00
     19.672    10.8663    32.0631    24.5127 2.5763e+00     0.1565      0.853    1489.68   91.15800    8.22697  0.000e+00
     19.660    10.8640    32.0654    24.5149 2.2222e+00     0.1577      0.821    1489.68   91.16453    8.22784  0.000e+00
     19.696    10.8614    32.0665    24.5162 2.0269e+00     0.1589      0.799    1489.67   91.11923    8.22416  0.000e+00
     19.672    10.8596    32.0654    24.5156 2.0269e+00     0.1602      0.788    1489.66   91.06886    8.21999  0.000e+00
     19.660    10.8564    32.0664    24.5170 2.1978e+00     0.1614      0.769    1489.65   91.07456    8.22102  0.000e+00
     19.673    10.8509    32.0705    24.5211 2.1612e+00     0.1602      0.747    1489.64   91.08201    8.22244  0.000e+00
     19.685    10.8464    32.0743    24.5249 2.0024e+00     0.1577      0.747    1489.63   91.03686    8.21897  0.000e+00
     19.672    10.8431    32.0775    24.5279 1.9902e+00     0.1589      0.773    1489.62   90.98681    8.21486  0.000e+00
     19.685    10.8356    32.0839    24.5343 2.1245e+00     0.1565      0.780    1489.60   90.99260    8.21637  0.000e+00
     19.707    10.8376    32.0847    24.5345 2.2100e+00     0.1589      0.762    1489.61   90.93981    8.21122  0.000e+00
     19.707    10.8441    32.0861    24.5345 2.1734e+00     0.1565      0.747    1489.63   90.88856    8.20536  0.000e+00
     19.709    10.8588    32.0835    24.5299 2.0513e+00     0.1565      0.733    1489.68   90.83303    8.19790  0.000e+00
     19.721    10.8797    32.0700    24.5158 2.1368e+00     0.1577      0.758    1489.74   90.77974    8.19011  0.000e+00
     19.756    10.8957    32.0594    24.5047 2.1612e+00     0.1565      0.784    1489.79   90.78249    8.18810  0.000e+00
     19.589    10.9161    32.0443    24.4894 2.0635e+00     0.1541      0.747    1489.84   90.66390    8.17459  0.000e+00
     19.817    10.9261    32.0384    24.4831 1.9536e+00     0.1565      0.707    1489.87   90.65943    8.17276  0.000e+00
     19.792    10.9349    32.0350    24.4789 2.0147e+00     0.1565      0.678    1489.90   90.59971    8.16600  0.000e+00
     19.792    10.9389    32.0310    24.4751 2.0879e+00     0.1565      0.652    1489.90   90.53560    8.15973  0.000e+00
     19.792    10.9207    32.0386    24.4842 2.0757e+00     0.1589      0.637    1489.85   90.53285    8.16227  0.000e+00
     19.828    10.9084    32.0402    24.4875 1.9780e+00     0.1577      0.637    1489.81   90.53262    8.16432  0.000e+00
     19.828    10.8942    32.0428    24.4920 1.8926e+00     0.1602      0.645    1489.76   90.47303    8.16130  0.000e+00
     19.865    10.8854    32.0461    24.4962 1.9414e+00     0.1602      0.648    1489.74   90.41595    8.15752  0.000e+00
     19.864    10.8818    32.0473    24.4977 2.0391e+00     0.1602      0.663    1489.72   90.35428    8.15253  0.000e+00
     19.888    10.8779    32.0498    24.5003 1.9536e+00     0.1602      0.670    1489.71   90.34888    8.15260  0.000e+00
     19.924    10.8781    32.0493    24.4999 2.0024e+00     0.1589      0.674    1489.71   90.29146    8.14742  0.000e+00
     19.926    10.8740    32.0506    24.5017 1.9536e+00     0.1565      0.681    1489.70   90.28944    8.14789  0.000e+00
     19.948    10.8694    32.0526    24.5040 1.9170e+00     0.1577      0.696    1489.69   90.22877    8.14310  0.000e+00
     19.984    10.8715    32.0501    24.5017 2.1612e+00     0.1577      0.689    1489.69   90.23084    8.14305  0.000e+00
     19.986    10.8702    32.0498    24.5017 2.1245e+00     0.1589      0.670    1489.69   90.17348    8.13811  0.000e+00
     20.020    10.8581    32.0531    24.5064 1.9658e+00     0.1577      0.645    1489.65   90.17167    8.13990  0.000e+00
     20.009    10.8345    32.0634    24.5185 2.0757e+00     0.1565      0.634    1489.58   90.11613    8.13849  0.000e+00
     20.044    10.8162    32.0710    24.5276 2.4664e+00     0.1553      0.626    1489.52   90.05671    8.13593  0.000e+00
     20.057    10.7974    32.0791    24.5371 2.6252e+00     0.1553      0.626    1489.47   89.99883    8.13357  0.000e+00
     20.069    10.7773    32.0891    24.5484 2.2466e+00     0.1541      0.626    1489.41   89.99688    8.13640  0.000e+00
     20.080    10.7631    32.0953    24.5557 1.8803e+00     0.1553      0.630    1489.36   90.00335    8.13915  0.000e+00
     20.118    10.7546    32.0973    24.5587 1.7216e+00     0.1565      0.641    1489.34   89.95152    8.13585  0.000e+00
     20.105    10.7467    32.0997    24.5620 1.7094e+00     0.1565      0.652    1489.31   89.95491    8.13742  0.000e+00
     20.129    10.7382    32.1035    24.5664 1.6728e+00     0.1528      0.652    1489.29   89.90608    8.13429  0.000e+00
     20.153    10.7338    32.1043    24.5677 1.5507e+00     0.1516      0.656    1489.27   89.85274    8.13019  0.000e+00
     20.153    10.7253    32.1063    24.5708 1.5385e+00     0.1528      0.659    1489.24   89.85468    8.13175  0.000e+00
     20.201    10.7174    32.1087    24.5740 1.5751e+00     0.1528      0.667    1489.22   89.79801    8.12789  0.000e+00
     20.201    10.7127    32.1103    24.5760 1.5385e+00     0.1516      0.656    1489.21   89.80303    8.12908  0.000e+00
     20.214    10.7075    32.1125    24.5787 1.4896e+00     0.1516      0.645    1489.19   89.74899    8.12499  0.000e+00
     20.238    10.7050    32.1154    24.5814 1.5873e+00     0.1553      0.637    1489.18   89.75729    8.12603  0.000e+00
     20.249    10.7111    32.1155    24.5803 1.8803e+00     0.1541      0.670    1489.21   89.71324    8.12097  0.000e+00
     20.261    10.7155    32.1119    24.5768 1.7949e+00     0.1577      0.703    1489.22   89.72487    8.12144  0.000e+00
     20.297    10.7068    32.1119    24.5783 1.5629e+00     0.1553      0.758    1489.19   89.67697    8.11862  0.000e+00
     20.323    10.6932    32.1147    24.5828 1.4286e+00     0.1553      0.751    1489.14   89.69082    8.12210  0.000e+00
     20.321    10.6809    32.1189    24.5882 1.4408e+00     0.1541      0.725    1489.10   89.64525    8.11991  0.000e+00
     20.357    10.6703    32.1228    24.5931 1.5263e+00     0.1528      0.700    1489.07   89.59519    8.11705  0.000e+00
     20.357    10.6622    32.1257    24.5967 1.6606e+00     0.1516      0.670    1489.05   89.60693    8.11937  0.000e+00
     20.394    10.6534    32.1281    24.6002 1.8803e+00     0.1516      0.645    1489.02   89.55988    8.11653  0.000e+00
     20.417    10.6438    32.1325    24.6051 2.0024e+00     0.1492      0.637    1488.99   89.56814    8.11873  0.000e+00
     20.428    10.6352    32.1365    24.6098 1.9414e+00     0.1504      0.648    1488.96   89.52346    8.11597  0.000e+00
     20.477    10.6272    32.1405    24.6143 1.9170e+00     0.1528      0.667    1488.94   89.54132    8.11879  0.000e+00
     20.479    10.6210    32.1438    24.6179 1.9170e+00     0.1516      0.667    1488.92   89.49955    8.11592  0.000e+00
     20.513    10.6168    32.1459    24.6202 1.8681e+00     0.1504      0.656    1488.91   89.51374    8.11784  0.000e+00
     20.513    10.6129    32.1489    24.6233 1.9414e+00     0.1528      0.648    1488.90   89.47469    8.11483  0.000e+00
     20.549    10.6094    32.1511    24.6256 2.3199e+00     0.1504      0.667    1488.89   89.49158    8.11684  0.000e+00
     20.562    10.6070    32.1530    24.6275 3.0525e+00     0.1516      0.681    1488.89   89.44879    8.11329  0.000e+00
     20.575    10.6057    32.1547    24.6290 3.6630e+00     0.1504      0.703    1488.88   89.46129    8.11457  0.000e+00
     20.609    10.6045    32.1564    24.6305 3.4921e+00     0.1492      0.700    1488.88   89.47482    8.11591  0.000e+00
     20.622    10.6067    32.1565    24.6303 2.9915e+00     0.1504      0.685    1488.89   89.49537    8.11739  0.000e+00
     20.645    10.6044    32.1584    24.6321 2.5641e+00     0.1492      0.663    1488.89   89.44927    8.11351  0.000e+00
     20.669    10.5993    32.1618    24.6356 2.3199e+00     0.1480      0.645    1488.87   89.46414    8.11558  0.000e+00
     20.671    10.5947    32.1654    24.6392 2.2833e+00     0.1516      0.641    1488.86   89.47905    8.11754  0.000e+00
     20.705    10.5918    32.1680    24.6417 2.4176e+00     0.1516      0.637    1488.85   89.43386    8.11382  0.000e+00
     20.729    10.5899    32.1695    24.6432 2.6007e+00     0.1528      0.634    1488.85   89.44938    8.11550  0.000e+00
     20.741    10.5869    32.1710    24.6450 2.6862e+00     0.1528      0.626    1488.84   89.47134    8.11793  0.000e+00
     20.767    10.5830    32.1724    24.6467 2.5641e+00     0.1541      0.619    1488.83   89.43291    8.11505  0.000e+00
     20.778    10.5791    32.1737    24.6483 2.6374e+00     0.1528      0.630    1488.82   89.44850    8.11709  0.000e+00
     20.790    10.5757    32.1749    24.6499 2.9304e+00     0.1553      0.656    1488.81   89.40332    8.11352  0.000e+00
     20.838    10.5710    32.1775    24.6527 3.2723e+00     0.1565      0.674    1488.79   89.41906    8.11564  0.000e+00
     20.861    10.5659    32.1807    24.6561 3.4921e+00     0.1553      0.678    1488.78   89.43424    8.11774  0.000e+00
     20.851    10.5618    32.1827    24.6583 3.5287e+00     0.1553      0.681    1488.77   89.39464    8.11476  0.000e+00
     20.910    10.5578    32.1850    24.6608 3.1380e+00     0.1541      0.714    1488.76   89.40973    8.11671  0.000e+00
     20.921    10.5532    32.1883    24.6642 2.7717e+00     0.1528      0.711    1488.74   89.43037    8.11923  0.000e+00
     20.946    10.5486    32.1908    24.6669 2.8938e+00     0.1553      0.689    1488.73   89.39010    8.11624  0.000e+00
     20.957    10.5451    32.1927    24.6690 3.0647e+00     0.1541      0.667    1488.72   89.40999    8.11857  0.000e+00
     20.982    10.5418    32.1951    24.6714 3.1380e+00     0.1577      0.656    1488.71   89.36896    8.11530  0.000e+00
     20.995    10.5390    32.1965    24.6730 3.0159e+00     0.1589      0.641    1488.70   89.38149    8.11685  0.000e+00
     21.017    10.5348    32.1985    24.6752 2.9182e+00     0.1565      0.626    1488.69   89.33275    8.11307  0.000e+00
     21.030    10.5296    32.2006    24.6778 2.7228e+00     0.1602      0.615    1488.68   89.34391    8.11488  0.000e+00
     21.066    10.5239    32.2034    24.6809 2.5519e+00     0.1577      0.615    1488.66   89.30059    8.11180  0.000e+00
     21.078    10.5203    32.2057    24.6834 2.7473e+00     0.1577      0.619    1488.65   89.31071    8.11323  0.000e+00
     21.091    10.5244    32.2046    24.6818 2.9915e+00     0.1602      0.634    1488.66   89.26629    8.10853  0.000e+00
     21.115    10.5343    32.1988    24.6756 3.0037e+00     0.1565      0.645    1488.69   89.27576    8.10796  0.000e+00
     21.138    10.5376    32.1984    24.6747 2.8449e+00     0.1577      0.674    1488.70   89.22374    8.10268  0.000e+00
     21.151    10.5374    32.1972    24.6738 2.9182e+00     0.1565      0.692    1488.70   89.23157    8.10348  0.000e+00
     21.187    10.5338    32.1993    24.6761 3.1258e+00     0.1589      0.707    1488.69   89.23878    8.10466  0.000e+00
     21.198    10.5236    32.2043    24.6817 3.5165e+00     0.1589      0.711    1488.66   89.19061    8.10182  0.000e+00
     21.209    10.5045    32.2120    24.6910 4.0171e+00     0.1577      0.700    1488.60   89.19569    8.10522  0.000e+00
     21.235    10.4868    32.2203    24.7004 4.3956e+00     0.1516      0.714    1488.55   89.14598    8.10338  0.000e+00
     21.258    10.4752    32.2262    24.7070 4.3468e+00     0.1504      0.769    1488.52   89.14975    8.10544  0.000e+00
     21.258    10.4684    32.2317    24.7125 4.0049e+00     0.1504      0.795    1488.50   89.09836    8.10169  0.000e+00
     21.294    10.4653    32.2350    24.7155 3.6386e+00     0.1492      0.802    1488.49   89.10083    8.10228  0.000e+00
     21.307    10.4587    32.2376    24.7187 3.4432e+00     0.1516      0.780    1488.47   89.04800    8.09851  0.000e+00
     21.330    10.4493    32.2429    24.7244 3.5165e+00     0.1516      0.755    1488.44   89.04863    8.09994  0.000e+00
     21.343    10.4415    32.2477    24.7295 3.9805e+00     0.1504      0.751    1488.42   88.98753    8.09550  0.000e+00
     21.380    10.4340    32.2529    24.7348 4.1026e+00     0.1492      0.923    1488.40   88.98649    8.09644  0.000e+00
