Rawdata/2018_07_17/VT68_20180718.cnv
* Sea-Bird SBE 9 Data File:
* FileName = C:\CTD Brukere\NIVA\OKOKYST2018\2018_07_17\VT68_20180718.hdr
* Software Version Seasave V 7.21f
* Temperature SN = 5352
* Conductivity SN = 3840
* Number of Bytes Per Scan = 28
* Number of Voltage Words = 4
* Number of Scans Averaged by the Deck Unit = 1
* NMEA baud rate = 4800
** Ship: R/V Trygve Braarud
** Cruise:
** Station:
** Operator:
# nquan = 11
# nvalues = 2696
# units = specified
# name 0 = depSM: Depth [salt water, m], lat = 0.00
# name 1 = t090C: Temperature [ITS-90, deg C]
# name 2 = sal00: Salinity, Practical [PSU]
# name 3 = sigma-t00: Density [sigma-t, Kg/m^3 ]
# name 4 = flSP: Fluorescence, Seapoint
# name 5 = wetStar: Fluorescence, WET Labs WETstar [mg/m^3]
# name 6 = seaTurbMtr: Turbidity, Seapoint [FTU]
# name 7 = svCM: Sound Velocity [Chen-Millero, m/s]
# name 8 = sbeox0PS: Oxygen, SBE 43 [% saturation]
# name 9 = sbeox0Mg/L: Oxygen, SBE 43 [mg/l]
# name 10 = flag:  0.000e+00
# span 0 =     -0.135,     22.821
# span 1 =     9.9708,    21.1089
# span 2 =    23.2298,    32.4801
# span 3 =    15.5749,    24.9890
# span 4 = 5.2503e-01, 1.2173e+01
# span 5 =     0.0857,     0.1907
# span 6 =      0.473,      2.469
# span 7 =    1487.03,    1514.60
# span 8 =   75.96452,  113.16218
# span 9 =    6.89021,    9.15906
# span 10 = 0.0000e+00, 0.0000e+00
# interval = seconds: 0.0416667
# start_time = Jul 18 2018 06:04:12 [System UTC, first data scan.]
# bad_flag = -9.990e-29
# nquan = 11
# nvalues = 2696                                  
# units = specified
# name 0 = depSM: Depth [salt water, m], lat = 0.00
# name 1 = t090C: Temperature [ITS-90, deg C]
# name 2 = sal00: Salinity, Practical [PSU]
# name 3 = sigma-t00: Density [sigma-t, Kg/m^3 ]
# name 4 = flSP: Fluorescence, Seapoint
# name 5 = wetStar: Fluorescence, WET Labs WETstar [mg/m^3]
# name 6 = seaTurbMtr: Turbidity, Seapoint [FTU]
# name 7 = svCM: Sound Velocity [Chen-Millero, m/s]
# name 8 = sbeox0PS: Oxygen, SBE 43 [% saturation]
# name 9 = sbeox0Mg/L: Oxygen, SBE 43 [mg/l]
# name 10 = flag:  0.000e+00
# span 0 =     -0.135,     22.821                 
# span 1 =     9.9708,    21.1089                 
# span 2 =    23.2298,    32.4801                 
# span 3 =    15.5749,    24.9890                 
# span 4 = 5.2503e-01, 1.2173e+01                 
# span 5 =     0.0857,     0.1907                 
# span 6 =      0.473,      2.469                 
# span 7 =    1487.03,    1514.60                 
# span 8 =   75.96452,  113.16218                 
# span 9 =    6.89021,    9.15906                 
# span 10 = 0.0000e+00, 0.0000e+00                
# interval = seconds: 0.0416667
# start_time = Jul 18 2018 06:04:12 [System UTC, first data scan.]
# bad_flag = -9.990e-29
*END*
[from data line 1181]
     18.591    12.1964    31.6100    23.9210 1.5995e+00     0.1553      0.615    1493.76   99.64749    8.76748  0.000e+00
     18.603    12.2382    31.6001    23.9056 1.5140e+00     0.1565      0.608    1493.89   99.63550    8.75928  0.000e+00
     18.652    12.2419    31.6160    23.9172 1.4530e+00     0.1553      0.601    1493.92   99.50370    8.74613  0.000e+00
     18.663    12.2531    31.6200    23.9182 1.4286e+00     0.1565      0.597    1493.97   99.48418    8.74214  0.000e+00
     18.676    12.2881    31.5822    23.8824 1.4042e+00     0.1541      0.582    1494.04   99.41050    8.73132  0.000e+00
     18.699    12.2422    31.5956    23.9014 1.4042e+00     0.1553      0.579    1493.90   99.39248    8.73742  0.000e+00
     18.735    12.2186    31.6061    23.9139 1.4652e+00     0.1577      0.590    1493.83   99.32634    8.73537  0.000e+00
     18.748    12.1928    31.6136    23.9245 1.5629e+00     0.1565      0.601    1493.75   99.31753    8.73892  0.000e+00
     18.783    12.1193    31.6436    23.9615 1.7460e+00     0.1541      0.604    1493.54   99.18753    8.73932  0.000e+00
     18.819    12.0675    31.6570    23.9815 1.7949e+00     0.1541      0.608    1493.38   99.17787    8.74728  0.000e+00
     18.831    12.0392    31.6607    23.9896 1.6972e+00     0.1541      0.608    1493.28   99.12004    8.74719  0.000e+00
     18.844    12.0285    31.6721    24.0004 1.6117e+00     0.1577      0.604    1493.26   99.11593    8.74817  0.000e+00
     18.868    12.0417    31.6676    23.9945 1.5873e+00     0.1589      0.630    1493.30   99.07003    8.74194  0.000e+00
     18.891    12.0508    31.6121    23.9497 1.5018e+00     0.1589      0.630    1493.27   99.02789    8.73961  0.000e+00
     18.928    11.9058    31.6292    23.9897 1.4286e+00     0.1589      0.619    1492.79   98.96302    8.75970  0.000e+00
     18.951    11.6807    31.7382    24.1154 1.4652e+00     0.1602      0.612    1492.14   98.88889    8.78890  0.000e+00
     18.975    11.5655    31.8178    24.1981 1.5507e+00     0.1614      0.604    1491.83   98.88370    8.80552  0.000e+00
     18.987    11.5483    31.8554    24.2304 1.6239e+00     0.1602      0.593    1491.82   98.90374    8.80843  0.000e+00
     19.024    11.6402    31.8197    24.1861 1.6850e+00     0.1614      0.586    1492.10   98.87135    8.79036  0.000e+00
     19.036    11.7710    31.7442    24.1036 1.6117e+00     0.1626      0.590    1492.46   98.84621    8.76797  0.000e+00
     19.047    11.8697    31.6961    24.0482 1.5507e+00     0.1626      0.608    1492.74   98.81621    8.74968  0.000e+00
     19.096    11.9110    31.6733    24.0229 1.4774e+00     0.1626      0.619    1492.86   98.78557    8.74060  0.000e+00
     19.096    11.9398    31.6182    23.9749 1.4164e+00     0.1626      0.615    1492.89   98.75141    8.73530  0.000e+00
     19.132    11.8763    31.6243    23.9913 1.3675e+00     0.1602      0.601    1492.68   98.71376    8.74336  0.000e+00
     19.143    11.7965    31.6516    24.0271 1.3797e+00     0.1602      0.582    1492.44   98.73325    8.75835  0.000e+00
     19.180    11.7671    31.6606    24.0394 1.3675e+00     0.1602      0.564    1492.35   98.70172    8.76051  0.000e+00
     19.192    11.7413    31.6798    24.0591 1.4286e+00     0.1614      0.553    1492.28   98.66851    8.76128  0.000e+00
     19.203    11.6839    31.7313    24.1095 1.5751e+00     0.1638      0.553    1492.15   98.62474    8.76520  0.000e+00
     19.228    11.6477    31.7499    24.1305 1.6361e+00     0.1638      0.557    1492.04   98.64117    8.77237  0.000e+00
     19.252    11.6293    31.7428    24.1283 1.6484e+00     0.1614      0.564    1491.97   98.60266    8.77278  0.000e+00
     19.276    11.6285    31.7372    24.1241 1.5629e+00     0.1602      0.568    1491.96   98.56331    8.76974  0.000e+00
     19.276    11.6024    31.7130    24.1101 1.5018e+00     0.1614      0.571    1491.84   98.57335    8.77682  0.000e+00
     19.299    11.4571    31.7329    24.1516 1.4774e+00     0.1638      0.582    1491.36   98.45745    8.79252  0.000e+00
     19.312    11.3318    31.7935    24.2211 1.5263e+00     0.1650      0.604    1490.99   98.46158    8.81302  0.000e+00
     19.337    11.3758    31.8539    24.2602 1.5995e+00     0.1638      0.623    1491.22   98.42160    8.79782  0.000e+00
     19.359    11.5869    31.8492    24.2186 1.6850e+00     0.1638      0.630    1491.95   98.44542    8.76077  0.000e+00
     19.359    11.9215    31.7421    24.0745 1.7582e+00     0.1638      0.637    1492.98   98.42240    8.70276  0.000e+00
     19.384    12.2386    31.6311    23.9295 1.7582e+00     0.1638      0.637    1493.94   98.40311    8.64918  0.000e+00
     19.384    12.4175    31.5671    23.8464 1.7216e+00     0.1626      0.630    1494.48   98.42979    8.62258  0.000e+00
     19.408    12.4563    31.5188    23.8016 1.7582e+00     0.1626      0.615    1494.55   98.38737    8.61447  0.000e+00
     19.408    12.3970    31.5136    23.8088 1.7460e+00     0.1602      0.608    1494.34   98.39302    8.62596  0.000e+00
     19.420    12.3158    31.5385    23.8433 1.6117e+00     0.1589      0.615    1494.10   98.33971    8.63462  0.000e+00
     19.444    12.2383    31.5671    23.8800 1.5263e+00     0.1565      0.689    1493.87   98.34388    8.64750  0.000e+00
     19.457    12.1367    31.6119    23.9336 1.6239e+00     0.1577      0.784    1493.57   98.28851    8.65868  0.000e+00
     19.468    12.0907    31.6405    23.9644 1.8437e+00     0.1577      0.784    1493.45   98.29448    8.66603  0.000e+00
     19.480    12.1384    31.6116    23.9331 1.9170e+00     0.1589      0.736    1493.58   98.25023    8.65502  0.000e+00
     19.493    12.1724    31.6008    23.9184 1.9292e+00     0.1614      0.689    1493.68   98.20735    8.64563  0.000e+00
     19.493    12.1966    31.5993    23.9128 1.9536e+00     0.1626      0.641    1493.76   98.22011    8.64244  0.000e+00
     19.515    12.1885    31.6153    23.9266 1.8681e+00     0.1614      0.608    1493.75   98.17267    8.63886  0.000e+00
     19.529    12.2124    31.6018    23.9117 1.7949e+00     0.1589      0.590    1493.82   98.12403    8.63098  0.000e+00
     19.540    12.2455    31.5770    23.8863 1.9414e+00     0.1589      0.575    1493.90   98.13861    8.62761  0.000e+00
     19.551    12.2768    31.5646    23.8709 2.0024e+00     0.1589      0.575    1494.00   98.08909    8.61826  0.000e+00
     19.564    12.2856    31.5751    23.8773 1.8926e+00     0.1602      0.601    1494.04   98.03995    8.61178  0.000e+00
     19.576    12.3143    31.5753    23.8721 1.7949e+00     0.1614      0.637    1494.14   98.04878    8.60736  0.000e+00
     19.576    12.4264    31.5259    23.8128 1.8315e+00     0.1614      0.681    1494.46   98.07239    8.59188  0.000e+00
     19.576    12.5751    31.4539    23.7289 1.8315e+00     0.1602      0.689    1494.88   97.98119    8.56111  0.000e+00
     19.576    12.6903    31.3867    23.6548 1.7827e+00     0.1602      0.681    1495.19   98.00384    8.54612  0.000e+00
     19.589    12.6609    31.4300    23.6940 1.6972e+00     0.1614      0.674    1495.15   97.95040    8.54438  0.000e+00
     19.564    12.6351    31.4733    23.7324 1.6850e+00     0.1626      0.678    1495.11   97.95893    8.54740  0.000e+00
     19.625    12.6869    31.4651    23.7162 1.6361e+00     0.1614      0.674    1495.28   97.91711    8.53498  0.000e+00
     19.600    12.7660    31.4483    23.6881 1.5873e+00     0.1589      0.663    1495.52   97.93867    8.52369  0.000e+00
     19.600    12.9307    31.3811    23.6044 1.6361e+00     0.1565      0.652    1496.00   97.91006    8.49563  0.000e+00
     19.589    13.0427    31.3381    23.5494 1.6606e+00     0.1553      0.648    1496.33   97.87305    8.47499  0.000e+00
     19.589    13.0633    31.3271    23.5369 1.6361e+00     0.1565      0.652    1496.38   97.82427    8.46772  0.000e+00
     19.576    13.0200    31.3340    23.5507 1.6484e+00     0.1577      0.663    1496.24   97.82565    8.47509  0.000e+00
     19.576    12.9727    31.3427    23.5666 1.6728e+00     0.1577      0.681    1496.10   97.77461    8.47852  0.000e+00
     19.589    12.9209    31.3600    23.5899 1.7094e+00     0.1565      0.678    1495.94   97.72554    8.48245  0.000e+00
     19.589    12.8482    31.3757    23.6161 1.7582e+00     0.1541      0.681    1495.72   97.67105    8.48972  0.000e+00
     19.589    12.7120    31.4184    23.6753 1.9536e+00     0.1541      0.670    1495.31   97.60780    8.50605  0.000e+00
     19.576    12.5624    31.4805    23.7519 1.9780e+00     0.1565      0.656    1494.87   97.48009    8.51817  0.000e+00
     19.576    12.4663    31.5265    23.8057 1.9170e+00     0.1577      0.645    1494.60   97.40783    8.52652  0.000e+00
     19.576    12.4298    31.5443    23.8264 1.7949e+00     0.1577      0.634    1494.50   97.39694    8.53113  0.000e+00
     19.564    12.4205    31.5505    23.8330 1.7094e+00     0.1541      0.623    1494.47   97.33025    8.52661  0.000e+00
     19.589    12.4192    31.5496    23.8325 1.6728e+00     0.1541      0.630    1494.47   97.20707    8.51610  0.000e+00
     19.589    12.4103    31.5497    23.8342 1.7216e+00     0.1528      0.619    1494.44   97.13399    8.51129  0.000e+00
     19.589    12.3994    31.5486    23.8354 1.8926e+00     0.1516      0.615    1494.40   97.05759    8.50659  0.000e+00
     19.576    12.3695    31.5502    23.8423 1.9536e+00     0.1528      0.623    1494.30   96.97627    8.50470  0.000e+00
     19.576    12.2893    31.5613    23.8660 1.8803e+00     0.1528      0.626    1494.04   96.89381    8.51118  0.000e+00
     19.589    12.2317    31.5853    23.8953 1.7827e+00     0.1541      0.615    1493.87   96.87042    8.51814  0.000e+00
     19.589    12.2321    31.5976    23.9048 1.7338e+00     0.1528      0.615    1493.88   96.79428    8.51072  0.000e+00
     19.589    12.2352    31.5994    23.9056 1.7216e+00     0.1516      0.623    1493.90   96.72129    8.50366  0.000e+00
     19.589    12.2212    31.5989    23.9079 1.6972e+00     0.1528      0.626    1493.85   96.63780    8.49884  0.000e+00
     19.589    12.1798    31.5994    23.9159 1.5995e+00     0.1516      0.619    1493.71   96.61491    8.50420  0.000e+00
     19.564    12.0563    31.6330    23.9649 1.5385e+00     0.1541      0.623    1493.32   96.52734    8.51680  0.000e+00
     19.611    11.8910    31.6883    24.0383 1.5263e+00     0.1541      0.630    1492.82   96.44009    8.53586  0.000e+00
     19.600    11.7753    31.7332    24.0943 1.5873e+00     0.1565      0.623    1492.47   96.41351    8.55200  0.000e+00
     19.589    11.7732    31.7436    24.1028 1.8071e+00     0.1565      0.619    1492.48   96.33879    8.54520  0.000e+00
     19.600    11.8441    31.7445    24.0905 1.8803e+00     0.1553      0.615    1492.72   96.33361    8.53189  0.000e+00
     19.600    12.0006    31.7161    24.0397 1.7705e+00     0.1528      0.615    1493.23   96.33859    8.50569  0.000e+00
     19.611    12.2207    31.6361    23.9368 1.7216e+00     0.1541      0.630    1493.89   96.29852    8.46710  0.000e+00
     19.600    12.3118    31.5870    23.8817 1.7705e+00     0.1528      0.634    1494.14   96.30382    8.45399  0.000e+00
     19.600    12.3397    31.5624    23.8573 1.9048e+00     0.1541      0.623    1494.21   96.31200    8.45108  0.000e+00
     19.600    12.3730    31.5401    23.8338 2.0635e+00     0.1565      0.615    1494.30   96.32312    8.44734  0.000e+00
     19.613    12.3636    31.5302    23.8279 2.1490e+00     0.1565      0.601    1494.25   96.27869    8.44563  0.000e+00
     19.600    12.2919    31.5301    23.8412 2.1001e+00     0.1541      0.582    1494.01   96.28488    8.45889  0.000e+00
     19.625    12.1230    31.5744    23.9071 1.9780e+00     0.1541      0.575    1493.48   96.28534    8.48667  0.000e+00
     19.613    11.9789    31.6329    23.9792 1.9658e+00     0.1541      0.586    1493.06   96.29633    8.51030  0.000e+00
     19.625    11.9842    31.6341    23.9791 2.0513e+00     0.1553      0.619    1493.08   96.32239    8.51160  0.000e+00
     19.611    12.1179    31.5882    23.9188 1.9414e+00     0.1528      0.626    1493.48   96.30040    8.48816  0.000e+00
     19.636    12.2737    31.5126    23.8311 1.8437e+00     0.1541      0.612    1493.93   96.34275    8.46815  0.000e+00
     19.625    12.3038    31.4858    23.8047 1.8315e+00     0.1541      0.604    1494.00   96.37565    8.46712  0.000e+00
     19.625    12.2201    31.5316    23.8559 1.8559e+00     0.1541      0.593    1493.76   96.40073    8.48178  0.000e+00
     19.625    12.1614    31.5728    23.8987 1.9048e+00     0.1528      0.593    1493.61   96.43550    8.49311  0.000e+00
     19.649    12.1707    31.5733    23.8974 1.8926e+00     0.1553      0.593    1493.64   96.48336    8.49564  0.000e+00
     19.636    12.1639    31.5837    23.9067 1.7949e+00     0.1553      0.597    1493.63   96.52465    8.49993  0.000e+00
     19.636    12.1597    31.5863    23.9096 1.7094e+00     0.1565      0.597    1493.62   96.57317    8.50482  0.000e+00
     19.649    12.1347    31.5723    23.9033 1.6606e+00     0.1565      0.593    1493.52   96.62116    8.51427  0.000e+00
     19.636    11.9896    31.6043    23.9550 1.5995e+00     0.1589      0.593    1493.06   96.72788    8.54806  0.000e+00
     19.649    11.8711    31.6641    24.0232 1.5629e+00     0.1602      0.590    1492.72   96.72362    8.56588  0.000e+00
     19.649    11.8447    31.6992    24.0552 1.5385e+00     0.1577      0.590    1492.67   96.78582    8.57427  0.000e+00
     19.649    11.8800    31.7027    24.0515 1.5751e+00     0.1565      0.590    1492.80   96.91182    8.57885  0.000e+00
     19.649    11.9745    31.6678    24.0071 1.6361e+00     0.1565      0.582    1493.08   96.98622    8.57020  0.000e+00
     19.649    12.0985    31.6142    23.9426 1.6728e+00     0.1553      0.586    1493.45   97.12125    8.56261  0.000e+00
     19.660    12.2789    31.5071    23.8259 1.7705e+00     0.1577      0.597    1493.94   97.20959    8.54370  0.000e+00
     19.649    12.3212    31.4837    23.7999 1.8803e+00     0.1577      0.608    1494.05   97.28927    8.54437  0.000e+00
     19.660    12.2939    31.5084    23.8241 1.9170e+00     0.1577      0.623    1493.99   97.36471    8.55457  0.000e+00
     19.660    12.3095    31.5122    23.8241 1.8437e+00     0.1565      0.626    1494.05   97.50046    8.56348  0.000e+00
     19.660    12.3291    31.5095    23.8183 1.7827e+00     0.1577      0.626    1494.11   97.58012    8.56710  0.000e+00
     19.673    12.3237    31.5177    23.8257 1.7582e+00     0.1589      0.641    1494.10   97.65071    8.57383  0.000e+00
     19.660    12.3266    31.5183    23.8256 1.7094e+00     0.1577      0.645    1494.11   97.71859    8.57923  0.000e+00
     19.660    12.3385    31.5095    23.8166 1.6728e+00     0.1577      0.626    1494.14   97.79001    8.58383  0.000e+00
     19.672    12.3369    31.5110    23.8181 1.7949e+00     0.1565      0.612    1494.14   97.85825    8.59004  0.000e+00
     19.660    12.3341    31.5140    23.8209 1.8681e+00     0.1589      0.604    1494.13   97.91695    8.59554  0.000e+00
     19.672    12.3315    31.5160    23.8230 1.8315e+00     0.1589      0.601    1494.13   97.97230    8.60076  0.000e+00
     19.672    12.3283    31.5027    23.8132 1.7827e+00     0.1577      0.586    1494.10   97.96361    8.60128  0.000e+00
     19.673    12.2638    31.5032    23.8257 1.8071e+00     0.1577      0.582    1493.88   98.00440    8.61650  0.000e+00
     19.660    12.1633    31.5228    23.8596 1.8559e+00     0.1565      0.571    1493.56   98.04085    8.63687  0.000e+00
     19.685    12.0685    31.5640    23.9092 1.9414e+00     0.1565      0.568    1493.28   98.08008    8.65534  0.000e+00
     19.673    12.0019    31.6060    23.9540 1.9658e+00     0.1589      0.568    1493.10   98.05488    8.66298  0.000e+00
     19.672    11.9664    31.6339    23.9822 1.9780e+00     0.1577      0.575    1493.01   98.07980    8.67017  0.000e+00
