Rawdata/2018_07_17/VT68_20180718.cnv
* Sea-Bird SBE 9 Data File:
* FileName = C:\CTD Brukere\NIVA\OKOKYST2018\2018_07_17\VT68_20180718.hdr
* Software Version Seasave V 7.21f
* Temperature SN = 5352
* Conductivity SN = 3840
* Number of Bytes Per Scan = 28
* Number of Voltage Words = 4
* Number of Scans Averaged by the Deck Unit = 1
* NMEA baud rate = 4800
** Ship: R/V Trygve Braarud
** Cruise:
** Station:
** Operator:
# nquan = 11
# nvalues = 2696
# units = specified
# name 0 = depSM: Depth [salt water, m], lat = 0.00
# name 1 = t090C: Temperature [ITS-90, deg C]
# name 2 = sal00: Salinity, Practical [PSU]
# name 3 = sigma-t00: Density [sigma-t, Kg/m^3 ]
# name 4 = flSP: Fluorescence, Seapoint
# name 5 = wetStar: Fluorescence, WET Labs WETstar [mg/m^3]
# name 6 = seaTurbMtr: Turbidity, Seapoint [FTU]
# name 7 = svCM: Sound Velocity [Chen-Millero, m/s]
# name 8 = sbeox0PS: Oxygen, SBE 43 [% saturation]
# name 9 = sbeox0Mg/L: Oxygen, SBE 43 [mg/l]
# name 10 = flag:  0.000e+00
# span 0 =     -0.135,     22.821
# span 1 =     9.9708,    21.1089
# span 2 =    23.2298,    32.4801
# span 3 =    15.5749,    24.9890
# span 4 = 5.2503e-01, 1.2173e+01
# span 5 =     0.0857,     0.1907
# span 6 =      0.473,      2.469
# span 7 =    1487.03,    1514.60
# span 8 =   75.96452,  113.16218
# span 9 =    6.89021,    9.15906
# span 10 = 0.0000e+00, 0.0000e+00
# interval = seconds: 0.0416667
# start_time = Jul 18 2018 06:04:12 [System UTC, first data scan.]
# bad_flag = -9.990e-29
# nquan = 11
# nvalues = 2696                                  
# units = specified
# name 0 = depSM: Depth [salt water, m], lat = 0.00
# name 1 = t090C: Temperature [ITS-90, deg C]
# name 2 = sal00: Salinity, Practical [PSU]
# name 3 = sigma-t00: Density [sigma-t, Kg/m^3 ]
# name 4 = flSP: Fluorescence, Seapoint
# name 5 = wetStar: Fluorescence, WET Labs WETstar [mg/m^3]
# name 6 = seaTurbMtr: Turbidity, Seapoint [FTU]
# name 7 = svCM: Sound Velocity [Chen-Millero, m/s]
# name 8 = sbeox0PS: Oxygen, SBE 43 [% saturation]
# name 9 = sbeox0Mg/L: Oxygen, SBE 43 [mg/l]
# name 10 = flag:  0.000e+00
# span 0 =     -0.135,     22.821                 
# span 1 =     9.9708,    21.1089                 
# span 2 =    23.2298,    32.4801                 
# span 3 =    15.5749,    24.9890                 
# span 4 = 5.2503e-01, 1.2173e+01                 
# span 5 =     0.0857,     0.1907                 
# span 6 =      0.473,      2.469                 
# span 7 =    1487.03,    1514.60                 
# span 8 =   75.96452,  113.16218                 
# span 9 =    6.89021,    9.15906                 
# span 10 = 0.0000e+00, 0.0000e+00                
# interval = seconds: 0.0416667
# start_time = Jul 18 2018 06:04:12 [System UTC, first data scan.]
# bad_flag = -9.990e-29
*END*
[from data line 1968]
     20.332    10.5601    32.1565    24.6382 2.7350e+00     0.1541      0.769    1488.72   76.05989    6.90572  0.000e+00
     20.285    10.5628    32.1535    24.6354 2.6007e+00     0.1553      0.853    1488.73   76.01340    6.90122  0.000e+00
     20.261    10.5662    32.1500    24.6321 2.6007e+00     0.1553      0.857    1488.73   75.96452    6.89643  0.000e+00
     20.238    10.5737    32.1436    24.6259 2.8327e+00     0.1565      0.810    1488.75   75.97383    6.89644  0.000e+00
     20.236    10.5815    32.1370    24.6194 2.6862e+00     0.1553      0.773    1488.77   75.98679    6.89674  0.000e+00
     20.165    10.5904    32.1318    24.6138 2.5031e+00     0.1516      0.751    1488.80   76.00894    6.89766  0.000e+00
     20.129    10.5990    32.1273    24.6088 2.3932e+00     0.1516      0.762    1488.82   75.97403    6.89341  0.000e+00
     20.106    10.6083    32.1241    24.6047 2.4054e+00     0.1541      0.766    1488.85   75.99663    6.89422  0.000e+00
     20.069    10.6193    32.1192    24.5990 2.8083e+00     0.1553      0.733    1488.88   75.96817    6.89021  0.000e+00
     20.033    10.6233    32.1169    24.5966 2.7106e+00     0.1553      0.714    1488.89   75.99658    6.89229  0.000e+00
     20.009    10.6246    32.1173    24.5967 2.7350e+00     0.1553      0.707    1488.90   76.02781    6.89491  0.000e+00
     19.973    10.6347    32.1145    24.5927 3.2234e+00     0.1541      0.718    1488.93   76.06213    6.89664  0.000e+00
     19.937    10.6453    32.1119    24.5889 3.4921e+00     0.1565      0.758    1488.96   76.09881    6.89850  0.000e+00
     19.913    10.6516    32.1090    24.5855 3.2112e+00     0.1565      0.769    1488.98   76.13741    6.90120  0.000e+00
     19.877    10.6453    32.1136    24.5902 2.8449e+00     0.1541      0.769    1488.96   76.17700    6.90552  0.000e+00
     19.852    10.6416    32.1206    24.5963 2.5519e+00     0.1528      0.755    1488.96   76.21844    6.90952  0.000e+00
     19.781    10.6457    32.1215    24.5963 2.6740e+00     0.1541      0.744    1488.97   76.26777    6.91335  0.000e+00
     19.756    10.6435    32.1211    24.5964 3.3089e+00     0.1553      0.722    1488.96   76.31852    6.91829  0.000e+00
     19.721    10.6352    32.1266    24.6020 3.5775e+00     0.1553      0.700    1488.94   76.36993    6.92395  0.000e+00
     19.696    10.6373    32.1278    24.6026 3.1380e+00     0.1577      0.689    1488.95   76.48326    6.93385  0.000e+00
     19.636    10.6385    32.1277    24.6024 2.7595e+00     0.1553      0.689    1488.95   76.60937    6.94511  0.000e+00
     19.600    10.6376    32.1301    24.6044 2.7106e+00     0.1553      0.692    1488.95   76.62094    6.94618  0.000e+00
     19.551    10.6501    32.1260    24.5990 3.0159e+00     0.1516      0.696    1488.99   76.74756    6.95597  0.000e+00
     19.529    10.6752    32.1120    24.5838 3.1502e+00     0.1541      0.689    1489.06   76.82005    6.95939  0.000e+00
     19.480    10.6988    32.0978    24.5687 2.8938e+00     0.1504      0.685    1489.13   76.95178    6.96841  0.000e+00
     19.433    10.7195    32.0826    24.5533 2.7228e+00     0.1492      0.689    1489.18   77.02779    6.97285  0.000e+00
     19.395    10.7317    32.0715    24.5426 2.5641e+00     0.1492      0.692    1489.21   77.16246    6.98371  0.000e+00
     19.384    10.7400    32.0612    24.5331 2.5275e+00     0.1516      0.678    1489.23   77.30140    6.99549  0.000e+00
     19.312    10.7447    32.0524    24.5254 2.4664e+00     0.1541      0.656    1489.23   77.38284    7.00254  0.000e+00
     19.288    10.7454    32.0457    24.5201 2.4298e+00     0.1528      0.648    1489.23   77.52878    7.01594  0.000e+00
     19.228    10.7486    32.0370    24.5128 2.4420e+00     0.1541      0.641    1489.23   77.67753    7.02931  0.000e+00
     19.192    10.7514    32.0307    24.5074 2.3565e+00     0.1565      0.645    1489.23   77.82911    7.04289  0.000e+00
     19.120    10.7518    32.0266    24.5041 2.0757e+00     0.1565      0.652    1489.23   77.98241    7.05688  0.000e+00
     19.120    10.7520    32.0202    24.4992 1.8803e+00     0.1553      0.659    1489.22   78.07751    7.06574  0.000e+00
     19.047    10.7420    32.0233    24.5033 2.1001e+00     0.1577      0.674    1489.19   78.23404    7.08130  0.000e+00
     18.987    10.7250    32.0340    24.5146 2.3810e+00     0.1589      0.681    1489.14   78.39196    7.09770  0.000e+00
     18.987    10.7012    32.0535    24.5338 2.5519e+00     0.1626      0.674    1489.08   78.55133    7.11490  0.000e+00
     18.891    10.6761    32.0745    24.5544 2.4664e+00     0.1614      0.674    1489.01   78.71001    7.13218  0.000e+00
     18.831    10.6635    32.0857    24.5654 2.2833e+00     0.1614      0.670    1488.98   78.86836    7.14796  0.000e+00
     18.819    10.6600    32.0893    24.5688 2.1490e+00     0.1589      0.667    1488.97   79.02594    7.16261  0.000e+00
     18.759    10.6596    32.0900    24.5694 2.0269e+00     0.1589      0.659    1488.97   79.12743    7.17185  0.000e+00
     18.712    10.6504    32.0981    24.5772 1.9780e+00     0.1602      0.648    1488.94   79.28206    7.18692  0.000e+00
     18.699    10.6441    32.1033    24.5824 2.0513e+00     0.1626      0.637    1488.93   79.49537    7.20700  0.000e+00
     18.603    10.6479    32.0986    24.5781 2.1123e+00     0.1602      0.641    1488.93   79.59631    7.21577  0.000e+00
     18.567    10.6511    32.0950    24.5747 2.1001e+00     0.1602      0.641    1488.94   79.80965    7.23478  0.000e+00
     18.567    10.6604    32.0875    24.5673 2.0513e+00     0.1589      0.637    1488.96   79.96506    7.24776  0.000e+00
     18.495    10.6865    32.0661    24.5461 2.0513e+00     0.1589      0.766    1489.03   80.12080    7.25877  0.000e+00
     18.435    10.7201    32.0399    24.5199 2.0391e+00     0.1589      1.810    1489.12   80.27139    7.26836  0.000e+00
     18.398    10.7343    32.0327    24.5119 2.1734e+00     0.1589      2.469    1489.16   80.41849    7.27980  0.000e+00
     18.364    10.7452    32.0345    24.5114 2.4054e+00     0.1589      2.059    1489.20   80.62727    7.29690  0.000e+00
     18.279    10.7846    32.0166    24.4907 2.4420e+00     0.1602      1.516    1489.32   80.77273    7.30468  0.000e+00
     18.243    10.8154    31.9977    24.4706 2.5031e+00     0.1602      1.165    1489.40   80.91263    7.31337  0.000e+00
     18.206    10.8121    32.0138    24.4838 2.8571e+00     0.1589      0.974    1489.41   81.05499    7.32601  0.000e+00
     18.147    10.8846    32.0042    24.4637 2.9670e+00     0.1589      0.857    1489.65   81.24932    7.33258  0.000e+00
     18.110    11.0195    31.9513    24.3990 2.7106e+00     0.1565      0.773    1490.07   81.38168    7.32575  0.000e+00
     18.087    11.1394    31.8946    24.3338 2.6007e+00     0.1577      0.725    1490.42   81.50697    7.32084  0.000e+00
     17.989    11.2196    31.8500    24.2849 2.5153e+00     0.1577      0.692    1490.65   81.69316    7.32706  0.000e+00
     17.942    11.2738    31.8299    24.2597 2.3321e+00     0.1577      0.670    1490.81   81.81899    7.33077  0.000e+00
     17.918    11.3460    31.8026    24.2257 2.2100e+00     0.1565      0.656    1491.03   82.00003    7.33695  0.000e+00
     17.846    11.4078    31.7784    24.1958 2.1123e+00     0.1565      0.641    1491.22   82.12356    7.33945  0.000e+00
     17.810    11.4591    31.7617    24.1737 2.2711e+00     0.1565      0.667    1491.38   82.30472    7.34839  0.000e+00
     17.822    11.4958    31.7499    24.1579 2.2955e+00     0.1589      0.689    1491.49   82.48952    7.35969  0.000e+00
     17.750    11.5094    31.7475    24.1536 2.0757e+00     0.1602      0.689    1491.53   82.61692    7.36903  0.000e+00
     17.666    11.5265    31.7448    24.1484 1.8315e+00     0.1614      0.667    1491.59   82.79883    7.38270  0.000e+00
     17.617    11.5495    31.7375    24.1386 1.6850e+00     0.1614      0.652    1491.66   82.92057    7.39028  0.000e+00
     17.594    11.5574    31.7350    24.1352 1.6117e+00     0.1614      0.645    1491.68   83.03857    7.39968  0.000e+00
     17.534    11.5621    31.7353    24.1346 1.6484e+00     0.1589      0.678    1491.70   83.21067    7.41426  0.000e+00
     17.487    11.5667    31.7363    24.1346 1.7460e+00     0.1589      0.729    1491.72   83.38239    7.42878  0.000e+00
     17.438    11.5732    31.7412    24.1372 1.7338e+00     0.1565      0.744    1491.74   83.49891    7.43791  0.000e+00
     17.427    11.5882    31.7440    24.1367 1.7094e+00     0.1528      0.703    1491.80   83.61387    7.44564  0.000e+00
     17.340    11.6005    31.7514    24.1402 1.6484e+00     0.1516      0.667    1491.85   83.83534    7.46307  0.000e+00
     17.295    11.6302    31.7498    24.1336 1.5873e+00     0.1528      0.652    1491.95   83.94463    7.46815  0.000e+00
     17.282    11.6485    31.7422    24.1244 1.6361e+00     0.1541      0.689    1492.00   84.04776    7.47478  0.000e+00
     17.210    11.6441    31.7497    24.1310 1.6728e+00     0.1589      0.692    1492.00   84.21167    7.48971  0.000e+00
     17.148    11.6653    31.7529    24.1297 1.7582e+00     0.1602      0.667    1492.07   84.36935    7.50021  0.000e+00
     17.101    11.6898    31.7434    24.1178 1.8803e+00     0.1589      0.645    1492.15   84.46969    7.50567  0.000e+00
     17.090    11.6777    31.7428    24.1196 1.8681e+00     0.1602      0.641    1492.10   84.63336    7.52218  0.000e+00
     17.041    11.6559    31.7527    24.1312 1.7705e+00     0.1602      0.637    1492.04   84.79491    7.53955  0.000e+00
     16.969    11.6586    31.7578    24.1346 1.7094e+00     0.1614      0.637    1492.05   84.95493    7.55311  0.000e+00
     16.932    11.6568    31.7682    24.1431 1.6850e+00     0.1602      0.630    1492.06   85.11831    7.56742  0.000e+00
     16.922    11.6751    31.7884    24.1554 1.7094e+00     0.1577      0.615    1492.15   85.28072    7.57795  0.000e+00
     16.836    11.7681    31.7775    24.1300 1.6361e+00     0.1565      0.630    1492.45   85.43159    7.57693  0.000e+00
     16.789    11.8618    31.7657    24.1037 1.6361e+00     0.1565      0.648    1492.76   85.57779    7.57542  0.000e+00
     16.766    11.9399    31.7404    24.0698 1.6484e+00     0.1565      0.645    1493.00   85.72759    7.57739  0.000e+00
     16.716    11.9797    31.7167    24.0440 1.7094e+00     0.1565      0.645    1493.11   85.88390    7.58596  0.000e+00
     16.657    11.9707    31.7089    24.0396 1.6850e+00     0.1553      0.637    1493.07   85.98859    7.59703  0.000e+00
     16.644    11.9435    31.7130    24.0478 1.6239e+00     0.1528      0.619    1492.98   86.15159    7.61561  0.000e+00
     16.608    11.9253    31.7164    24.0538 1.6361e+00     0.1528      0.601    1492.92   86.31316    7.63266  0.000e+00
     16.490    11.8938    31.7210    24.0632 1.6728e+00     0.1541      0.597    1492.82   86.47621    7.65194  0.000e+00
     16.499    11.8445    31.7333    24.0817 1.6484e+00     0.1541      0.593    1492.66   86.63768    7.67362  0.000e+00
     16.464    11.8237    31.7449    24.0945 1.6117e+00     0.1541      0.590    1492.60   86.73279    7.68488  0.000e+00
     16.394    11.8320    31.7510    24.0978 1.5629e+00     0.1516      0.593    1492.64   86.88178    7.69641  0.000e+00
     16.343    11.8565    31.7519    24.0940 1.5140e+00     0.1492      0.590    1492.72   87.02100    7.70472  0.000e+00
     16.332    11.8697    31.7451    24.0863 1.5140e+00     0.1516      0.597    1492.76   87.16769    7.71588  0.000e+00
     16.250    11.8585    31.7463    24.0893 1.6117e+00     0.1528      0.597    1492.72   87.31690    7.73086  0.000e+00
     16.200    11.8699    31.7414    24.0834 1.7582e+00     0.1541      0.601    1492.75   87.40058    7.73664  0.000e+00
     16.164    11.8905    31.7457    24.0830 1.7705e+00     0.1553      0.604    1492.83   87.53530    7.74499  0.000e+00
     16.117    11.9184    31.7464    24.0783 1.6972e+00     0.1553      0.604    1492.92   87.66668    7.75201  0.000e+00
     16.031    11.9317    31.7541    24.0819 1.6728e+00     0.1541      0.608    1492.98   87.74450    7.75634  0.000e+00
     15.995    12.0086    31.7422    24.0584 1.7460e+00     0.1553      0.630    1493.23   87.86297    7.75479  0.000e+00
     15.998    12.1087    31.7107    24.0155 1.8437e+00     0.1516      0.626    1493.54   88.03556    7.75520  0.000e+00
     15.912    12.1717    31.6796    23.9796 1.7827e+00     0.1492      0.608    1493.71   88.09751    7.75190  0.000e+00
     15.852    12.1858    31.6608    23.9624 1.6484e+00     0.1492      0.597    1493.74   88.22687    7.76189  0.000e+00
     15.842    12.1624    31.6557    23.9628 1.5629e+00     0.1504      0.593    1493.65   88.36156    7.77781  0.000e+00
     15.779    12.1184    31.6660    23.9790 1.5873e+00     0.1504      0.590    1493.51   88.49700    7.79645  0.000e+00
     15.719    12.0899    31.6708    23.9880 1.6117e+00     0.1480      0.586    1493.42   88.63273    7.81285  0.000e+00
     15.697    12.0571    31.6736    23.9963 1.5995e+00     0.1504      0.579    1493.31   88.76691    7.82994  0.000e+00
     15.636    11.9924    31.6900    24.0210 1.5629e+00     0.1504      0.575    1493.10   88.85001    7.84717  0.000e+00
     15.587    11.9324    31.7083    24.0462 1.5507e+00     0.1516      0.575    1492.92   89.04377    7.87335  0.000e+00
     15.551    11.8912    31.7265    24.0679 1.5385e+00     0.1492      0.586    1492.80   89.18260    7.89157  0.000e+00
     15.530    11.8943    31.7348    24.0738 1.4896e+00     0.1480      0.590    1492.82   89.31530    7.90239  0.000e+00
     15.455    11.9336    31.7251    24.0590 1.4896e+00     0.1480      0.590    1492.94   89.43634    7.90701  0.000e+00
     15.419    11.9847    31.7023    24.0319 1.5018e+00     0.1467      0.586    1493.09   89.55787    7.91037  0.000e+00
     15.370    12.0321    31.6743    24.0014 1.5140e+00     0.1443      0.582    1493.22   89.67623    7.91429  0.000e+00
     15.349    12.0568    31.6601    23.9858 1.5507e+00     0.1455      0.586    1493.29   89.85572    7.92672  0.000e+00
     15.288    12.1097    31.6457    23.9649 1.5873e+00     0.1443      0.586    1493.45   89.91640    7.92396  0.000e+00
     15.239    12.2464    31.5819    23.8900 1.6850e+00     0.1443      0.582    1493.84   90.01623    7.91316  0.000e+00
     15.203    12.3703    31.5056    23.8076 1.8193e+00     0.1455      0.579    1494.17   90.11491    7.90505  0.000e+00
     15.122    12.4444    31.4613    23.7593 1.7582e+00     0.1455      0.579    1494.37   90.27874    7.90933  0.000e+00
     15.094    12.5207    31.4329    23.7229 1.6239e+00     0.1480      0.568    1494.60   90.39592    7.90837  0.000e+00
     15.047    12.5886    31.4156    23.6966 1.5140e+00     0.1480      0.564    1494.81   90.50995    7.90798  0.000e+00
     14.998    12.6470    31.3914    23.6668 1.4164e+00     0.1504      0.568    1494.98   90.62103    7.90923  0.000e+00
     14.965    12.6701    31.3744    23.6492 1.3675e+00     0.1528      0.571    1495.03   90.68031    7.91144  0.000e+00
     14.951    12.6546    31.3772    23.6543 1.3309e+00     0.1504      0.575    1494.99   90.80269    7.92454  0.000e+00
     14.855    12.6340    31.3935    23.6709 1.3431e+00     0.1480      0.575    1494.93   90.92030    7.93741  0.000e+00
     14.806    12.6462    31.3927    23.6680 1.3919e+00     0.1467      0.564    1494.97   91.03299    7.94526  0.000e+00
     14.806    12.6414    31.3886    23.6657 1.4408e+00     0.1467      0.560    1494.95   91.09071    7.95130  0.000e+00
     14.762    12.6044    31.4074    23.6873 1.4896e+00     0.1492      0.564    1494.85   91.20960    7.96689  0.000e+00
     14.650    12.5944    31.4172    23.6968 1.5140e+00     0.1480      0.568    1494.82   91.38341    7.98325  0.000e+00
     14.639    12.6015    31.4183    23.6963 1.5385e+00     0.1492      0.568    1494.85   91.44199    7.98713  0.000e+00
