Rawdata/2018_07_17/VT68_20180718.cnv
* Sea-Bird SBE 9 Data File:
* FileName = C:\CTD Brukere\NIVA\OKOKYST2018\2018_07_17\VT68_20180718.hdr
* Software Version Seasave V 7.21f
* Temperature SN = 5352
* Conductivity SN = 3840
* Number of Bytes Per Scan = 28
* Number of Voltage Words = 4
* Number of Scans Averaged by the Deck Unit = 1
* NMEA baud rate = 4800
** Ship: R/V Trygve Braarud
** Cruise:
** Station:
** Operator:
# nquan = 11
# nvalues = 2696
# units = specified
# name 0 = depSM: Depth [salt water, m], lat = 0.00
# name 1 = t090C: Temperature [ITS-90, deg C]
# name 2 = sal00: Salinity, Practical [PSU]
# name 3 = sigma-t00: Density [sigma-t, Kg/m^3 ]
# name 4 = flSP: Fluorescence, Seapoint
# name 5 = wetStar: Fluorescence, WET Labs WETstar [mg/m^3]
# name 6 = seaTurbMtr: Turbidity, Seapoint [FTU]
# name 7 = svCM: Sound Velocity [Chen-Millero, m/s]
# name 8 = sbeox0PS: Oxygen, SBE 43 [% saturation]
# name 9 = sbeox0Mg/L: Oxygen, SBE 43 [mg/l]
# name 10 = flag:  0.000e+00
# span 0 =     -0.135,     22.821
# span 1 =     9.9708,    21.1089
# span 2 =    23.2298,    32.4801
# span 3 =    15.5749,    24.9890
# span 4 = 5.2503e-01, 1.2173e+01
# span 5 =     0.0857,     0.1907
# span 6 =      0.473,      2.469
# span 7 =    1487.03,    1514.60
# span 8 =   75.96452,  113.16218
# span 9 =    6.89021,    9.15906
# span 10 = 0.0000e+00, 0.0000e+00
# interval = seconds: 0.0416667
# start_time = Jul 18 2018 06:04:12 [System UTC, first data scan.]
# bad_flag = -9.990e-29
# nquan = 11
# nvalues = 2696                                  
# units = specified
# name 0 = depSM: Depth [salt water, m], lat = 0.00
# name 1 = t090C: Temperature [ITS-90, deg C]
# name 2 = sal00: Salinity, Practical [PSU]
# name 3 = sigma-t00: Density [sigma-t, Kg/m^3 ]
# name 4 = flSP: Fluorescence, Seapoint
# name 5 = wetStar: Fluorescence, WET Labs WETstar [mg/m^3]
# name 6 = seaTurbMtr: Turbidity, Seapoint [FTU]
# name 7 = svCM: Sound Velocity [Chen-Millero, m/s]
# name 8 = sbeox0PS: Oxygen, SBE 43 [% saturation]
# name 9 = sbeox0Mg/L: Oxygen, SBE 43 [mg/l]
# name 10 = flag:  0.000e+00
# span 0 =     -0.135,     22.821                 
# span 1 =     9.9708,    21.1089                 
# span 2 =    23.2298,    32.4801                 
# span 3 =    15.5749,    24.9890                 
# span 4 = 5.2503e-01, 1.2173e+01                 
# span 5 =     0.0857,     0.1907                 
# span 6 =      0.473,      2.469                 
# span 7 =    1487.03,    1514.60                 
# span 8 =   75.96452,  113.16218                 
# span 9 =    6.89021,    9.15906                 
# span 10 = 0.0000e+00, 0.0000e+00                
# interval = seconds: 0.0416667
# start_time = Jul 18 2018 06:04:12 [System UTC, first data scan.]
# bad_flag = -9.990e-29
*END*
      1.280    21.0679    23.9642    16.0984 1.0256e+00     0.1577      0.553    1512.21  104.76754    8.10743  0.000e+00
      1.184    21.0659    23.9219    16.0669 1.0501e+00     0.1589      0.560    1512.16  104.70782    8.10512  0.000e+00
      1.160    21.0658    23.8321    15.9989 1.0745e+00     0.1577      0.564    1512.06  104.70376    8.10909  0.000e+00
      1.124    21.0644    23.8059    15.9795 1.0989e+00     0.1553      0.557    1512.03  104.64130    8.10571  0.000e+00
      1.088    21.0604    23.8565    16.0187 1.1111e+00     0.1541      0.546    1512.07  104.63326    8.10328  0.000e+00
      1.066    21.0576    23.9414    16.0837 1.1355e+00     0.1577      0.535    1512.16  104.62583    8.09909  0.000e+00
      1.017    21.0564    24.0254    16.1477 1.1477e+00     0.1589      0.531    1512.24  104.56031    8.09021  0.000e+00
      0.992    21.0556    24.1005    16.2048 1.1600e+00     0.1602      0.531    1512.32  104.49173    8.08148  0.000e+00
      0.968    21.0548    24.1485    16.2413 1.1600e+00     0.1602      0.538    1512.37  104.41993    8.07376  0.000e+00
      0.932    21.0573    24.0873    16.1943 1.1722e+00     0.1602      0.542    1512.31  104.40353    8.07502  0.000e+00
      0.910    21.0611    23.9329    16.0764 1.1844e+00     0.1589      0.546    1512.15  104.33001    8.07608  0.000e+00
      0.861    21.0631    23.7928    15.9698 1.1966e+00     0.1614      0.546    1512.00  104.31128    8.08097  0.000e+00
      0.838    21.0630    23.7155    15.9113 1.1966e+00     0.1638      0.546    1511.92  104.23536    8.07876  0.000e+00
      0.823    21.0617    23.6766    15.8823 1.2088e+00     0.1638      0.546    1511.87  104.21490    8.07921  0.000e+00
      0.778    21.0604    23.6632    15.8724 1.1966e+00     0.1638      0.546    1511.85  104.19518    8.07851  0.000e+00
      0.778    21.0589    23.6791    15.8849 1.1966e+00     0.1663      0.546    1511.87  104.11889    8.07206  0.000e+00
      0.742    21.0559    23.7215    15.9177 1.1844e+00     0.1663      0.542    1511.90  104.09763    8.06885  0.000e+00
      0.718    21.0510    23.7821    15.9648 1.1966e+00     0.1663      0.546    1511.96  104.01930    8.06064  0.000e+00
      0.705    21.0427    23.8635    16.0286 1.2088e+00     0.1663      0.542    1512.02  103.99650    8.05627  0.000e+00
      0.682    21.0355    23.9446    16.0918 1.2088e+00     0.1650      0.538    1512.09  103.97516    8.05187  0.000e+00
      0.646    21.0283    24.0031    16.1380 1.2210e+00     0.1650      0.535    1512.13  103.89686    8.04411  0.000e+00
      0.633    21.0227    24.0316    16.1610 1.2332e+00     0.1675      0.535    1512.15  103.87502    8.04191  0.000e+00
      0.622    21.0193    24.0225    16.1549 1.2332e+00     0.1699      0.538    1512.13  103.85509    8.04131  0.000e+00
      0.596    21.0177    23.9961    16.1354 1.2332e+00     0.1699      0.538    1512.10  103.77857    8.03687  0.000e+00
      0.586    21.0163    23.9743    16.1192 1.2576e+00     0.1687      0.542    1512.07  103.75844    8.03654  0.000e+00
      0.562    21.0144    23.9496    16.1010 1.2698e+00     0.1699      0.542    1512.04  103.68157    8.03203  0.000e+00
      0.538    21.0126    23.9230    16.0813 1.2821e+00     0.1687      0.546    1512.00  103.66103    8.03195  0.000e+00
      0.536    21.0128    23.9141    16.0745 1.2943e+00     0.1699      0.546    1511.99  103.64299    8.03095  0.000e+00
      0.513    21.0127    23.9251    16.0829 1.2698e+00     0.1699      0.546    1512.00  103.62659    8.02918  0.000e+00
      0.502    21.0095    23.8901    16.0572 1.2576e+00     0.1663      0.553    1511.96  103.61187    8.03015  0.000e+00
      0.466    21.0033    23.7890    15.9822 1.2576e+00     0.1650      0.557    1511.83  103.59839    8.03480  0.000e+00
      0.455    20.9977    23.6829    15.9033 1.2943e+00     0.1650      0.553    1511.69  103.58723    8.03977  0.000e+00
      0.453    20.9944    23.6287    15.8631 1.3065e+00     0.1663      0.546    1511.62  103.52020    8.03761  0.000e+00
      0.430    20.9924    23.6287    15.8637 1.2698e+00     0.1675      0.542    1511.62  103.50954    8.03709  0.000e+00
      0.417    20.9908    23.6626    15.8897 1.2332e+00     0.1699      0.538    1511.65  103.50119    8.03508  0.000e+00
      0.395    20.9893    23.7377    15.9470 1.1844e+00     0.1712      0.535    1511.73  103.49485    8.03126  0.000e+00
      0.393    20.9946    23.8220    16.0095 1.1722e+00     0.1699      0.535    1511.84  103.49180    8.02627  0.000e+00
      0.359    20.9994    23.8711    16.0454 1.1600e+00     0.1687      0.535    1511.90  103.54868    8.02765  0.000e+00
      0.359    21.0024    23.8707    16.0443 1.1600e+00     0.1712      0.553    1511.91  103.49505    8.02307  0.000e+00
      0.335    21.0050    23.8344    16.0162 1.1355e+00     0.1699      0.560    1511.88  103.49754    8.02459  0.000e+00
      0.322    21.0078    23.7835    15.9769 1.1355e+00     0.1699      0.557    1511.83  103.50231    8.02694  0.000e+00
      0.299    21.0118    23.7426    15.9450 1.1477e+00     0.1699      0.553    1511.80  103.50923    8.02881  0.000e+00
      0.286    21.0116    23.7132    15.9227 1.1600e+00     0.1699      0.557    1511.76  103.51783    8.03089  0.000e+00
      0.263    21.0081    23.6802    15.8986 1.1600e+00     0.1699      0.564    1511.72  103.46970    8.02922  0.000e+00
      0.261    21.0073    23.6499    15.8759 1.1600e+00     0.1687      0.568    1511.68  103.47883    8.03148  0.000e+00
      0.239    21.0036    23.6227    15.8562 1.1233e+00     0.1687      0.571    1511.64  103.48959    8.03415  0.000e+00
      0.226    20.9977    23.5878    15.8313 1.0623e+00     0.1699      0.571    1511.58  103.50246    8.03767  0.000e+00
      0.214    20.9941    23.5510    15.8044 1.0134e+00     0.1712      0.571    1511.53  103.51794    8.04115  0.000e+00
      0.201    20.9920    23.5271    15.7868 9.8901e-01     0.1699      0.575    1511.50  103.53588    8.04398  0.000e+00
      0.167    20.9921    23.5286    15.7879 9.8901e-01     0.1712      0.579    1511.50  103.49787    8.04094  0.000e+00
      0.179    20.9927    23.5500    15.8040 9.6459e-01     0.1724      0.590    1511.53  103.51322    8.04103  0.000e+00
      0.166    20.9920    23.5673    15.8173 9.7680e-01     0.1712      0.593    1511.55  103.47212    8.03713  0.000e+00
      0.143    20.9891    23.5664    15.8174 9.6459e-01     0.1724      0.593    1511.54  103.42506    8.03395  0.000e+00
      0.130    20.9849    23.5459    15.8029 9.6459e-01     0.1736      0.593    1511.50  103.43477    8.03629  0.000e+00
      0.118    20.9800    23.5048    15.7730 9.5238e-01     0.1736      0.593    1511.44  103.38860    8.03537  0.000e+00
      0.105    20.9759    23.4550    15.7363 9.6459e-01     0.1724      0.593    1511.38  103.33712    8.03433  0.000e+00
      0.107    20.9736    23.4110    15.7036 1.0012e+00     0.1736      0.586    1511.32  103.33897    8.03689  0.000e+00
      0.094    20.9733    23.3810    15.6810 1.0256e+00     0.1712      0.575    1511.29  103.28098    8.03384  0.000e+00
      0.083    20.9720    23.3627    15.6675 1.0501e+00     0.1712      0.571    1511.26  103.16317    8.02572  0.000e+00
      0.070    20.9677    23.3436    15.6541 1.0867e+00     0.1699      0.568    1511.23  103.15235    8.02643  0.000e+00
      0.047    20.9615    23.3203    15.6380 1.1111e+00     0.1687      0.568    1511.19  103.08550    8.02325  0.000e+00
      0.058    20.9568    23.3008    15.6244 1.1355e+00     0.1699      0.564    1511.15  103.01405    8.01930  0.000e+00
      0.021    20.9530    23.2885    15.6161 1.1477e+00     0.1712      0.560    1511.13  102.94096    8.01475  0.000e+00
      0.058    20.9504    23.2787    15.6094 1.1477e+00     0.1687      0.560    1511.11  102.86799    8.00992  0.000e+00
      0.023    20.9471    23.2713    15.6045 1.1233e+00     0.1675      0.564    1511.09  102.78911    8.00462  0.000e+00
      0.023    20.9445    23.2629    15.5989 1.0867e+00     0.1675      0.564    1511.07  102.70995    7.99923  0.000e+00
      0.010    20.9427    23.2596    15.5968 1.0501e+00     0.1699      0.571    1511.07  102.62601    7.99311  0.000e+00
      0.011    20.9420    23.2671    15.6027 1.0256e+00     0.1675      0.586    1511.07  102.54173    7.98629  0.000e+00
      0.011    20.9417    23.2747    15.6085 1.0256e+00     0.1675      0.597    1511.08  102.45700    7.97939  0.000e+00
      0.011    20.9382    23.2716    15.6071 1.0256e+00     0.1650      0.601    1511.07  102.36742    7.97307  0.000e+00
     -0.003    20.9367    23.2579    15.5971 1.0256e+00     0.1638      0.597    1511.05  102.27760    7.96694  0.000e+00
     -0.013    20.9363    23.2458    15.5880 1.0379e+00     0.1626      0.593    1511.03  102.18784    7.96057  0.000e+00
      0.023    20.9341    23.2381    15.5827 1.0501e+00     0.1626      0.608    1511.02  102.09430    7.95397  0.000e+00
      0.010    20.9365    23.2320    15.5775 1.0745e+00     0.1650      0.685    1511.02  102.00082    7.94662  0.000e+00
     -0.013    20.9413    23.2307    15.5753 1.0989e+00     0.1699      0.689    1511.03  101.90367    7.93840  0.000e+00
     -0.002    20.9452    23.2338    15.5767 1.1233e+00     0.1699      0.663    1511.04  101.80698    7.93016  0.000e+00
      0.011    20.9471    23.2446    15.5843 1.1477e+00     0.1687      0.645    1511.06  101.71036    7.92185  0.000e+00
     -0.015    20.9483    23.2676    15.6014 1.1722e+00     0.1724      0.637    1511.09  101.61364    7.91307  0.000e+00
      0.011    20.9493    23.2882    15.6168 1.1844e+00     0.1712      0.623    1511.12  101.51819    7.90453  0.000e+00
      0.023    20.9472    23.2970    15.6240 1.1844e+00     0.1699      0.615    1511.12  101.48116    7.90155  0.000e+00
      0.010    20.9450    23.2930    15.6215 1.1722e+00     0.1712      0.615    1511.11  101.39025    7.89499  0.000e+00
      0.011    20.9439    23.2988    15.6262 1.1722e+00     0.1687      0.619    1511.11  101.29662    7.88758  0.000e+00
     -0.013    20.9431    23.3451    15.6615 1.2088e+00     0.1712      0.623    1511.16  101.20367    7.87833  0.000e+00
     -0.002    20.9434    23.4327    15.7277 1.2210e+00     0.1712      0.626    1511.26  101.11250    7.86713  0.000e+00
     -0.015    20.9443    23.5126    15.7880 1.2454e+00     0.1699      0.626    1511.35  101.02242    7.85631  0.000e+00
     -0.013    20.9445    23.5662    15.8285 1.2698e+00     0.1699      0.626    1511.41  100.99214    7.85146  0.000e+00
     -0.013    20.9453    23.5796    15.8385 1.2943e+00     0.1699      0.630    1511.43  100.91314    7.84458  0.000e+00
     -0.026    20.9453    23.5676    15.8294 1.3065e+00     0.1724      0.634    1511.41  100.83156    7.83879  0.000e+00
     -0.049    20.9450    23.5552    15.8201 1.3065e+00     0.1748      0.645    1511.40  100.80986    7.83773  0.000e+00
     -0.049    20.9438    23.5559    15.8209 1.2943e+00     0.1736      0.637    1511.39  100.73574    7.83210  0.000e+00
     -0.049    20.9417    23.5742    15.8353 1.2821e+00     0.1736      0.626    1511.41  100.66342    7.82594  0.000e+00
     -0.050    20.9403    23.5997    15.8550 1.2821e+00     0.1748      0.623    1511.43  100.65158    7.82405  0.000e+00
     -0.060    20.9393    23.6454    15.8898 1.2943e+00     0.1760      0.626    1511.48  100.58339    7.81681  0.000e+00
     -0.073    20.9375    23.6858    15.9208 1.3065e+00     0.1760      0.626    1511.52  100.57543    7.81459  0.000e+00
     -0.075    20.9349    23.6913    15.9257 1.3187e+00     0.1773      0.623    1511.52  100.51523    7.81004  0.000e+00
     -0.085    20.9330    23.6510    15.8956 1.3187e+00     0.1785      0.630    1511.47  100.45732    7.80766  0.000e+00
     -0.073    20.9315    23.6006    15.8579 1.3431e+00     0.1797      0.667    1511.41  100.40219    7.80591  0.000e+00
     -0.073    20.9311    23.5801    15.8424 1.3553e+00     0.1846      0.681    1511.38  100.40799    7.80736  0.000e+00
     -0.086    20.9306    23.6000    15.8577 1.3553e+00     0.1834      0.663    1511.41  100.35781    7.80261  0.000e+00
     -0.098    20.9316    23.6603    15.9031 1.3675e+00     0.1834      0.645    1511.47  100.31052    7.79602  0.000e+00
     -0.085    20.9327    23.7205    15.9484 1.3675e+00     0.1834      0.634    1511.54  100.32048    7.79389  0.000e+00
     -0.086    20.9337    23.7767    15.9907 1.3797e+00     0.1846      0.630    1511.61  100.27444    7.78760  0.000e+00
     -0.085    20.9342    23.8137    16.0185 1.3797e+00     0.1834      0.637    1511.65  100.23097    7.78246  0.000e+00
     -0.073    20.9339    23.8333    16.0335 1.3919e+00     0.1821      0.641    1511.67  100.24442    7.78266  0.000e+00
     -0.073    20.9339    23.8364    16.0358 1.4042e+00     0.1846      0.641    1511.68  100.14371    7.77470  0.000e+00
     -0.075    20.9330    23.8174    16.0217 1.4286e+00     0.1858      0.637    1511.65  100.15822    7.77682  0.000e+00
     -0.060    20.9323    23.7644    15.9817 1.4164e+00     0.1846      0.630    1511.59  100.11731    7.77615  0.000e+00
     -0.049    20.9323    23.6938    15.9282 1.4042e+00     0.1858      0.623    1511.51  100.07109    7.77578  0.000e+00
     -0.050    20.9327    23.6258    15.8766 1.3919e+00     0.1870      0.619    1511.44  100.08565    7.77997  0.000e+00
     -0.013    20.9334    23.5963    15.8542 1.3919e+00     0.1834      0.630    1511.41  100.04492    7.77805  0.000e+00
     -0.037    20.9342    23.5936    15.8519 1.4042e+00     0.1797      0.634    1511.41  100.00200    7.77471  0.000e+00
     -0.013    20.9353    23.5699    15.8336 1.3919e+00     0.1809      0.637    1511.39   99.95822    7.77224  0.000e+00
     -0.015    20.9356    23.5301    15.8034 1.3797e+00     0.1809      0.645    1511.34   99.97082    7.77499  0.000e+00
     -0.002    20.9354    23.5041    15.7838 1.3797e+00     0.1834      0.656    1511.31   99.92753    7.77283  0.000e+00
     -0.002    20.9353    23.5092    15.7877 1.3797e+00     0.1821      0.674    1511.32   99.88244    7.76912  0.000e+00
      0.010    20.9347    23.5357    15.8079 1.3797e+00     0.1809      0.674    1511.35   99.89408    7.76889  0.000e+00
      0.023    20.9358    23.5623    15.8278 1.3797e+00     0.1809      0.667    1511.38   99.84984    7.76408  0.000e+00
      0.011    20.9363    23.5727    15.8355 1.3675e+00     0.1809      0.652    1511.39   99.86169    7.76446  0.000e+00
      0.011    20.9359    23.5570    15.8237 1.3553e+00     0.1821      0.641    1511.37   99.81723    7.76177  0.000e+00
      0.021    20.9358    23.5150    15.7919 1.3675e+00     0.1821      0.637    1511.33   99.82924    7.76464  0.000e+00
      0.023    20.9347    23.4673    15.7561 1.3797e+00     0.1821      0.648    1511.27   99.78452    7.76348  0.000e+00
      0.011    20.9334    23.4173    15.7186 1.4042e+00     0.1834      0.659    1511.21   99.79575    7.76683  0.000e+00
      0.023    20.9318    23.3670    15.6809 1.3919e+00     0.1821      0.667    1511.15   99.75058    7.76583  0.000e+00
     -0.003    20.9313    23.3323    15.6548 1.3919e+00     0.1846      0.663    1511.11   99.70284    7.76377  0.000e+00
      0.011    20.9306    23.3103    15.6383 1.3797e+00     0.1846      0.656    1511.09   99.71156    7.76555  0.000e+00
      0.011    20.9306    23.3018    15.6319 1.3675e+00     0.1858      0.656    1511.08   99.66341    7.76219  0.000e+00
     -0.003    20.9306    23.2966    15.6279 1.3675e+00     0.1858      0.656    1511.07   99.67090    7.76301  0.000e+00
     -0.002    20.9301    23.2910    15.6238 1.3675e+00     0.1858      0.652    1511.06   99.67981    7.76404  0.000e+00
     -0.013    20.9304    23.2877    15.6212 1.3675e+00     0.1858      0.652    1511.06   99.63565    7.76070  0.000e+00
     -0.002    20.9309    23.2842    15.6184 1.3675e+00     0.1858      0.656    1511.06   99.64746    7.76170  0.000e+00
     -0.026    20.9313    23.2786    15.6141 1.3797e+00     0.1858      0.674    1511.05   99.60167    7.75834  0.000e+00
