Rawdata/2018_07_17/VT68_20180718.cnv
* Sea-Bird SBE 9 Data File:
* FileName = C:\CTD Brukere\NIVA\OKOKYST2018\2018_07_17\VT68_20180718.hdr
* Software Version Seasave V 7.21f
* Temperature SN = 5352
* Conductivity SN = 3840
* Number of Bytes Per Scan = 28
* Number of Voltage Words = 4
* Number of Scans Averaged by the Deck Unit = 1
* NMEA baud rate = 4800
** Ship: R/V Trygve Braarud
** Cruise:
** Station:
** Operator:
# nquan = 11
# nvalues = 2696
# units = specified
# name 0 = depSM: Depth [salt water, m], lat = 0.00
# name 1 = t090C: Temperature [ITS-90, deg C]
# name 2 = sal00: Salinity, Practical [PSU]
# name 3 = sigma-t00: Density [sigma-t, Kg/m^3 ]
# name 4 = flSP: Fluorescence, Seapoint
# name 5 = wetStar: Fluorescence, WET Labs WETstar [mg/m^3]
# name 6 = seaTurbMtr: Turbidity, Seapoint [FTU]
# name 7 = svCM: Sound Velocity [Chen-Millero, m/s]
# name 8 = sbeox0PS: Oxygen, SBE 43 [% saturation]
# name 9 = sbeox0Mg/L: Oxygen, SBE 43 [mg/l]
# name 10 = flag:  0.000e+00
# span 0 =     -0.135,     22.821
# span 1 =     9.9708,    21.1089
# span 2 =    23.2298,    32.4801
# span 3 =    15.5749,    24.9890
# span 4 = 5.2503e-01, 1.2173e+01
# span 5 =     0.0857,     0.1907
# span 6 =      0.473,      2.469
# span 7 =    1487.03,    1514.60
# span 8 =   75.96452,  113.16218
# span 9 =    6.89021,    9.15906
# span 10 = 0.0000e+00, 0.0000e+00
# interval = seconds: 0.0416667
# start_time = Jul 18 2018 06:04:12 [System UTC, first data scan.]
# bad_flag = -9.990e-29
# nquan = 11
# nvalues = 2696                                  
# units = specified
# name 0 = depSM: Depth [salt water, m], lat = 0.00
# name 1 = t090C: Temperature [ITS-90, deg C]
# name 2 = sal00: Salinity, Practical [PSU]
# name 3 = sigma-t00: Density [sigma-t, Kg/m^3 ]
# name 4 = flSP: Fluorescence, Seapoint
# name 5 = wetStar: Fluorescence, WET Labs WETstar [mg/m^3]
# name 6 = seaTurbMtr: Turbidity, Seapoint [FTU]
# name 7 = svCM: Sound Velocity [Chen-Millero, m/s]
# name 8 = sbeox0PS: Oxygen, SBE 43 [% saturation]
# name 9 = sbeox0Mg/L: Oxygen, SBE 43 [mg/l]
# name 10 = flag:  0.000e+00
# span 0 =     -0.135,     22.821                 
# span 1 =     9.9708,    21.1089                 
# span 2 =    23.2298,    32.4801                 
# span 3 =    15.5749,    24.9890                 
# span 4 = 5.2503e-01, 1.2173e+01                 
# span 5 =     0.0857,     0.1907                 
# span 6 =      0.473,      2.469                 
# span 7 =    1487.03,    1514.60                 
# span 8 =   75.96452,  113.16218                 
# span 9 =    6.89021,    9.15906                 
# span 10 = 0.0000e+00, 0.0000e+00                
# interval = seconds: 0.0416667
# start_time = Jul 18 2018 06:04:12 [System UTC, first data scan.]
# bad_flag = -9.990e-29
*END*
[from data line 525]
      3.222    21.0562    24.1987    16.2790 6.1050e-01     0.1016      0.487    1512.47  102.09192    7.89123  0.000e+00
      3.235    21.0551    24.2542    16.3212 6.1050e-01     0.1003      0.487    1512.53  102.08517    7.88831  0.000e+00
      3.246    21.0526    24.3143    16.3674 5.9829e-01     0.1003      0.484    1512.59  102.07194    7.88487  0.000e+00
      3.270    21.0490    24.3796    16.4178 5.8608e-01     0.1003      0.484    1512.65  102.11463    7.88568  0.000e+00
      3.306    21.0450    24.4525    16.4740 5.8608e-01     0.1016      0.484    1512.72  102.10450    7.88211  0.000e+00
      3.342    21.0427    24.5142    16.5214 5.8608e-01     0.1003      0.484    1512.78  102.03380    7.87413  0.000e+00
      3.342    21.0391    24.5967    16.5847 5.7387e-01     0.1003      0.487    1512.86  102.01463    7.86938  0.000e+00
      3.378    21.0379    24.6902    16.6559 5.6166e-01     0.1003      0.487    1512.96  101.99385    7.86364  0.000e+00
      3.389    21.0356    24.7630    16.7116 5.6166e-01     0.0979      0.487    1513.04  101.97445    7.85911  0.000e+00
      3.426    21.0328    24.8314    16.7641 5.6166e-01     0.0967      0.487    1513.11  101.95727    7.85504  0.000e+00
      3.402    21.0278    24.8574    16.7851 5.6166e-01     0.0954      0.495    1513.12  101.93715    7.85303  0.000e+00
      3.485    21.0267    24.8040    16.7450 5.6166e-01     0.0942      0.502    1513.06  101.91273    7.85377  0.000e+00
      3.485    21.0279    24.7287    16.6876 5.6166e-01     0.0942      0.498    1512.98  101.88943    7.85525  0.000e+00
      3.509    21.0196    24.7181    16.6817 5.6166e-01     0.0954      0.498    1512.95  101.86764    7.85527  0.000e+00
      3.522    21.0177    24.7138    16.6790 5.6166e-01     0.0967      0.498    1512.94  101.84452    7.85396  0.000e+00
      3.545    21.0283    24.6511    16.6287 5.6166e-01     0.0979      0.495    1512.90  101.82500    7.85380  0.000e+00
      3.569    21.0346    24.5972    16.5863 5.6166e-01     0.0979      0.491    1512.86  101.80348    7.85372  0.000e+00
      3.581    21.0363    24.5806    16.5732 5.8608e-01     0.0979      0.491    1512.84  101.84208    7.85720  0.000e+00
      3.605    21.0379    24.5684    16.5636 5.8608e-01     0.0954      0.491    1512.83  101.76653    7.85172  0.000e+00
      3.630    21.0349    24.6073    16.5938 5.8608e-01     0.0979      0.491    1512.87  101.80581    7.85339  0.000e+00
      3.665    21.0291    24.6884    16.6568 5.7387e-01     0.0942      0.487    1512.94  101.79316    7.84952  0.000e+00
      3.665    21.0236    24.7555    16.7090 5.4945e-01     0.0930      0.487    1513.00  101.77878    7.84612  0.000e+00
      3.677    21.0198    24.8223    16.7605 5.4945e-01     0.0942      0.487    1513.07  101.76747    7.84273  0.000e+00
      3.724    21.0185    24.8652    16.7934 5.6166e-01     0.0967      0.487    1513.11  101.81403    7.84452  0.000e+00
      3.725    21.0196    24.8591    16.7885 5.6166e-01     0.0967      0.487    1513.11  101.80862    7.84423  0.000e+00
      3.761    21.0194    24.8490    16.7809 5.6166e-01     0.0967      0.484    1513.10  101.80239    7.84424  0.000e+00
      3.773    21.0166    24.8774    16.8031 5.4945e-01     0.1003      0.487    1513.12  101.79850    7.84304  0.000e+00
      3.797    21.0159    24.9112    16.8289 5.4945e-01     0.0991      0.491    1513.15  101.79401    7.84124  0.000e+00
      3.821    21.0168    24.9217    16.8366 5.4945e-01     0.0979      0.495    1513.17  101.78872    7.84022  0.000e+00
      3.846    21.0074    24.9481    16.8590 5.6166e-01     0.0967      0.495    1513.17  101.78138    7.83980  0.000e+00
      3.870    20.9997    24.9932    16.8952 5.6166e-01     0.0967      0.495    1513.20  101.77730    7.83854  0.000e+00
      3.893    20.9914    25.0871    16.9685 5.6166e-01     0.0942      0.495    1513.28  101.77233    7.83503  0.000e+00
      3.893    20.9658    25.3762    17.1941 5.6166e-01     0.0942      0.495    1513.53  101.76446    7.82485  0.000e+00
      3.916    20.9439    25.6566    17.4122 5.6166e-01     0.0942      0.491    1513.78  101.76052    7.81484  0.000e+00
      3.942    20.9290    25.8074    17.5303 5.6166e-01     0.0954      0.491    1513.90  101.75260    7.80946  0.000e+00
      3.966    20.9178    25.9018    17.6048 5.6166e-01     0.0967      0.495    1513.98  101.74830    7.80643  0.000e+00
      3.977    20.9122    25.9627    17.6524 5.7387e-01     0.0979      0.491    1514.03  101.68548    7.79962  0.000e+00
      4.002    20.9141    25.9774    17.6631 5.7387e-01     0.0991      0.491    1514.05  101.67748    7.79805  0.000e+00
      4.037    20.9153    25.9519    17.6434 5.6166e-01     0.0979      0.498    1514.03  101.66906    7.79840  0.000e+00
      4.037    20.9146    25.8660    17.5785 5.6166e-01     0.1003      0.498    1513.93  101.66359    7.80202  0.000e+00
      4.073    20.9228    25.7237    17.4685 5.7387e-01     0.1003      0.505    1513.80  101.65918    7.80702  0.000e+00
      4.085    20.9309    25.5854    17.3616 5.7387e-01     0.0979      0.513    1513.67  101.59584    7.80732  0.000e+00
      4.120    20.9368    25.5155    17.3071 5.6166e-01     0.0967      0.513    1513.61  101.59087    7.80929  0.000e+00
      4.120    20.9432    25.4593    17.2629 5.6166e-01     0.0954      0.505    1513.56  101.58143    7.81022  0.000e+00
      4.158    20.9576    25.3676    17.1897 5.6166e-01     0.0942      0.498    1513.50  101.57315    7.81171  0.000e+00
      4.180    20.9741    25.3036    17.1369 5.6166e-01     0.0942      0.495    1513.48  101.62715    7.81642  0.000e+00
      4.169    20.9731    25.2810    17.1201 5.4945e-01     0.0954      0.495    1513.45  101.62429    7.81738  0.000e+00
      4.216    20.9731    25.2325    17.0833 5.6166e-01     0.0979      0.498    1513.40  101.62211    7.81944  0.000e+00
      4.216    20.9797    25.1773    17.0398 5.4945e-01     0.0979      0.498    1513.35  101.62395    7.82117  0.000e+00
      4.263    20.9840    25.1635    17.0283 5.4945e-01     0.1003      0.495    1513.35  101.62208    7.82103  0.000e+00
      4.276    20.9851    25.1596    17.0250 5.4945e-01     0.0991      0.502    1513.35  101.67756    7.82533  0.000e+00
      4.301    20.9854    25.1796    17.0401 5.4945e-01     0.0967      0.505    1513.37  101.67839    7.82442  0.000e+00
      4.301    20.9736    25.3329    17.1593 5.4945e-01     0.0954      0.498    1513.51  101.68135    7.81932  0.000e+00
      4.349    20.9613    25.5302    17.3120 5.3724e-01     0.0930      0.495    1513.70  101.68472    7.81230  0.000e+00
      4.361    20.9578    25.6413    17.3971 5.4945e-01     0.0930      0.491    1513.81  101.68432    7.80769  0.000e+00
      4.371    20.9554    25.6927    17.4367 5.4945e-01     0.0942      0.484    1513.86  101.68370    7.80563  0.000e+00
      4.408    20.9479    25.7598    17.4894 5.4945e-01     0.0967      0.484    1513.91  101.74085    7.80802  0.000e+00
      4.432    20.9327    25.8699    17.5768 5.4945e-01     0.0991      0.484    1513.99  101.74213    7.80527  0.000e+00
      4.445    20.9152    25.9895    17.6720 5.4945e-01     0.0979      0.484    1514.08  101.74254    7.80234  0.000e+00
      4.481    20.9070    26.0900    17.7502 5.4945e-01     0.0979      0.487    1514.16  101.74375    7.79900  0.000e+00
      4.481    20.9015    26.1505    17.7975 5.4945e-01     0.0991      0.491    1514.22  101.74430    7.79708  0.000e+00
      4.491    20.8985    26.1555    17.8021 5.4945e-01     0.1003      0.491    1514.21  101.68645    7.79284  0.000e+00
      4.528    20.8987    26.1278    17.7810 5.4945e-01     0.1016      0.487    1514.18  101.68334    7.79384  0.000e+00
      4.541    20.8997    26.1062    17.7644 5.4945e-01     0.1028      0.491    1514.16  101.73800    7.79887  0.000e+00
      4.577    20.8996    26.1177    17.7732 5.4945e-01     0.1028      0.491    1514.18  101.67962    7.79389  0.000e+00
      4.601    20.8963    26.1560    17.8030 5.4945e-01     0.1028      0.498    1514.21  101.67483    7.79224  0.000e+00
      4.613    20.8919    26.1880    17.8284 5.6166e-01     0.1028      0.513    1514.23  101.67352    7.79131  0.000e+00
      4.635    20.8836    26.2164    17.8521 5.6166e-01     0.1016      0.557    1514.24  101.72599    7.79522  0.000e+00
      4.660    20.8792    26.2236    17.8587 5.6166e-01     0.1016      0.601    1514.24  101.72810    7.79570  0.000e+00
      4.684    20.8788    26.2141    17.8516 5.6166e-01     0.0979      0.608    1514.23  101.73034    7.79636  0.000e+00
      4.697    20.8701    26.2692    17.8956 5.6166e-01     0.0991      0.601    1514.26  101.73121    7.79515  0.000e+00
      4.720    20.8525    26.3772    17.9820 5.4945e-01     0.0991      0.568    1514.33  101.73091    7.79272  0.000e+00
      4.754    20.8175    26.4977    18.0824 5.4945e-01     0.1016      0.542    1514.37  101.79099    7.79684  0.000e+00
      4.769    20.7929    26.5677    18.1419 5.4945e-01     0.1003      0.524    1514.38  101.79727    7.79765  0.000e+00
      4.793    20.7788    26.6009    18.1707 5.6166e-01     0.0991      0.513    1514.38  101.80446    7.79871  0.000e+00
      4.816    20.7666    26.6327    18.1979 5.7387e-01     0.0991      0.509    1514.38  101.81153    7.79954  0.000e+00
      4.840    20.7583    26.6494    18.2127 5.8608e-01     0.0991      0.502    1514.38  101.87703    7.80500  0.000e+00
      4.874    20.7534    26.6486    18.2134 5.7387e-01     0.0991      0.498    1514.36  101.88815    7.80658  0.000e+00
      4.889    20.7532    26.6338    18.2022 5.7387e-01     0.1003      0.495    1514.34  101.89902    7.80812  0.000e+00
      4.889    20.7538    26.6191    18.1909 5.6166e-01     0.1003      0.495    1514.33  101.90929    7.80951  0.000e+00
      4.936    20.7559    26.5973    18.1738 5.6166e-01     0.1003      0.498    1514.31  101.97816    7.81548  0.000e+00
      4.925    20.7642    26.5501    18.1359 5.6166e-01     0.0979      0.495    1514.28  101.99187    7.81751  0.000e+00
      4.982    20.7833    26.4723    18.0720 5.6166e-01     0.0991      0.495    1514.25  102.06521    7.82395  0.000e+00
      4.996    20.7969    26.4046    18.0172 5.6166e-01     0.1016      0.495    1514.21  102.08224    7.82640  0.000e+00
      5.021    20.8022    26.3666    17.9870 5.7387e-01     0.1003      0.495    1514.19  102.15604    7.83303  0.000e+00
      5.032    20.8077    26.3380    17.9638 5.7387e-01     0.1003      0.495    1514.17  102.17022    7.83464  0.000e+00
      5.066    20.8048    26.3275    17.9566 5.6166e-01     0.1003      0.491    1514.15  102.24101    7.84097  0.000e+00
      5.081    20.8039    26.3170    17.9489 5.6166e-01     0.1003      0.491    1514.14  102.25607    7.84274  0.000e+00
      5.103    20.8124    26.2811    17.9195 5.4945e-01     0.0979      0.491    1514.12  102.27083    7.84430  0.000e+00
      5.141    20.8115    26.2896    17.9262 5.4945e-01     0.0991      0.498    1514.13  102.34186    7.84948  0.000e+00
      5.141    20.7994    26.3627    17.9847 5.4945e-01     0.1003      0.502    1514.18  102.29304    7.84413  0.000e+00
      5.162    20.7918    26.4177    18.0283 5.6166e-01     0.0967      0.502    1514.22  102.35617    7.84754  0.000e+00
      5.199    20.7843    26.4664    18.0672 5.4945e-01     0.0954      0.502    1514.25  102.36348    7.84694  0.000e+00
      5.224    20.7663    26.5483    18.1340 5.4945e-01     0.0930      0.505    1514.29  102.36799    7.84612  0.000e+00
      5.237    20.7468    26.6373    18.2065 5.3724e-01     0.0906      0.513    1514.34  102.37471    7.84534  0.000e+00
      5.269    20.7330    26.7000    18.2576 5.3724e-01     0.0918      0.505    1514.37  102.38072    7.84492  0.000e+00
      5.284    20.7250    26.7323    18.2842 5.3724e-01     0.0942      0.498    1514.38  102.38560    7.84496  0.000e+00
      5.308    20.7204    26.7516    18.3000 5.3724e-01     0.0930      0.498    1514.39  102.38944    7.84503  0.000e+00
      5.344    20.7184    26.7576    18.3051 5.4945e-01     0.0930      0.491    1514.39  102.39217    7.84525  0.000e+00
      5.354    20.7215    26.7459    18.2954 5.3724e-01     0.0930      0.498    1514.39  102.39771    7.84576  0.000e+00
      5.380    20.7227    26.7353    18.2870 5.4945e-01     0.0954      0.509    1514.38  102.40195    7.84640  0.000e+00
      5.404    20.7257    26.7281    18.2808 5.6166e-01     0.0967      0.513    1514.38  102.46335    7.85101  0.000e+00
      5.416    20.7293    26.7053    18.2625 5.6166e-01     0.0967      0.505    1514.37  102.46878    7.85195  0.000e+00
      5.450    20.7409    26.6480    18.2161 5.6166e-01     0.0979      0.498    1514.34  102.47376    7.85329  0.000e+00
      5.489    20.7513    26.5980    18.1756 5.6166e-01     0.0979      0.491    1514.31  102.53553    7.85883  0.000e+00
      5.489    20.7558    26.5762    18.1578 5.4945e-01     0.0954      0.487    1514.30  102.54436    7.85986  0.000e+00
      5.498    20.7592    26.5622    18.1463 5.6166e-01     0.0930      0.491    1514.29  102.55171    7.86059  0.000e+00
      5.547    20.7619    26.5511    18.1372 5.6166e-01     0.0906      0.502    1514.29  102.61636    7.86566  0.000e+00
      5.560    20.7585    26.5553    18.1413 5.6166e-01     0.0930      0.513    1514.28  102.62395    7.86653  0.000e+00
      5.572    20.7551    26.5595    18.1453 5.6166e-01     0.0942      0.509    1514.28  102.68822    7.87176  0.000e+00
      5.606    20.7534    26.5505    18.1390 5.4945e-01     0.0930      0.502    1514.27  102.69262    7.87276  0.000e+00
      5.632    20.7580    26.5202    18.1148 5.4945e-01     0.0918      0.495    1514.24  102.75384    7.87820  0.000e+00
      5.656    20.7716    26.4764    18.0781 5.4945e-01     0.0918      0.491    1514.23  102.76346    7.87898  0.000e+00
      5.692    20.7692    26.5082    18.1028 5.3724e-01     0.0942      0.491    1514.26  102.76567    7.87803  0.000e+00
      5.689    20.7035    26.6957    18.2619 5.3724e-01     0.0918      0.491    1514.29  102.81788    7.88290  0.000e+00
      5.728    20.6407    26.8664    18.4076 5.3724e-01     0.0918      0.491    1514.30  102.81421    7.88386  0.000e+00
      5.741    20.6150    26.9093    18.4467 5.3724e-01     0.0918      0.502    1514.28  102.81539    7.88571  0.000e+00
      5.773    20.6308    26.8302    18.3827 5.3724e-01     0.0930      0.498    1514.24  102.81838    7.88730  0.000e+00
      5.788    20.6885    26.6508    18.2317 5.3724e-01     0.0954      0.495    1514.20  102.82274    7.88755  0.000e+00
      5.812    20.7146    26.5509    18.1493 5.3724e-01     0.0954      0.491    1514.16  102.88061    7.89282  0.000e+00
      5.822    20.7016    26.6015    18.1910 5.3724e-01     0.0930      0.487    1514.18  102.81974    7.88769  0.000e+00
      5.872    20.6852    26.6809    18.2554 5.3724e-01     0.0906      0.487    1514.22  102.87377    7.89055  0.000e+00
      5.884    20.6769    26.7078    18.2779 5.4945e-01     0.0906      0.487    1514.23  102.87152    7.89034  0.000e+00
      5.895    20.6817    26.6916    18.2644 5.6166e-01     0.0930      0.487    1514.23  102.86830    7.89014  0.000e+00
      5.929    20.6854    26.6836    18.2574 5.4945e-01     0.0918      0.491    1514.23  102.86311    7.88958  0.000e+00
      5.955    20.6808    26.6951    18.2673 5.6166e-01     0.0930      0.491    1514.23  102.85906    7.88940  0.000e+00
      5.979    20.6715    26.7107    18.2815 5.6166e-01     0.0954      0.491    1514.22  102.85257    7.88954  0.000e+00
      5.989    20.6653    26.7147    18.2862 5.6166e-01     0.0954      0.491    1514.21  102.84419    7.88962  0.000e+00
      6.015    20.6653    26.7065    18.2799 5.6166e-01     0.0918      0.491    1514.20  102.89294    7.89374  0.000e+00
      6.051    20.6694    26.6910    18.2671 5.6166e-01     0.0930      0.495    1514.19  102.88981    7.89361  0.000e+00
